-8.179005699836249e-21
-1.0055419215452957e-18
-4.5965869661194717e-23
-1.1258965664565755e-21
-3.1719856397034042e-24
-2.1642817711077208e-23
-6.228280425451614e-23
-3.1862823998419464e-20
-1.7913082663853733e-22
-7.342476193845803e-22
-2.50596303879314e-22
-8.614639518092641e-17
-6.567798548987071e-22
-1.0065482500682502e-23
-5.708185192641269e-21
-2.4962045579734097e-23
-1.162151358236109e-13
-2.6035697339964174e-19
-6.2961103887985405e-24
-1.804079147463135e-31
-6.762583710850038e-20
-1.4466781022882555e-19
-1.126130111164068e-19
-4.5609370582422236e-21
-3.825104987290299e-19
-1.0395632410996328e-19
-2.2983162027022018e-23
-1.888585645263873e-23
-1.132664220613671e-18
-1.2912266325420397e-21
-8.342467886576169e-20
-7.281595788500515e-24
-1.5931083667665801e-21
-1.1843023641468107e-21
-5.164109484983076e-24
-7.849146900720312e-23
-2.580945492987491e-21
-9.758172362669976e-22
-1.7664900541723037e-18
-1.8382406731415446e-19
-4.16168663756904e-22
-1.5017490257210461e-22
-5.665410113560773e-21
-1.9973813639833844e-18
-4.291579180139134e-24
-9.337283726835738e-24
-6.517747158092856e-23
-9.021716503953383e-23
-4.2045336616377544e-17
-3.814000293995425e-20
-1.6436123408985296e-16
-3.795567035258866e-05
-8.459591116848285e-23
-1.1256802537137065e-19
-3.8000252966434944e-22
-4.244489955694789e-21
-2.428091659443789e-21
-6.206628389108731e-24
-8.55574677728599e-22
-5.944442936659693e-20
-1.032066718101175e-22
-4.428441498215881e-22
-1.7171777894021274e-22
-4.628729198547275e-23
-4.3175662128355274e-20
-1.4762986787455327e-18
-5.725711231575972e-22
-1.935927249948599e-20
-8.613424535680021e-21
-1.2284708895698978e-21
-2.584586695227944e-16
-7.64931141015517e-23
-9.192208452523457e-24
-1.2141132926939505e-21
-1.2330965571501272e-20
-3.1113836223393085e-22
-4.615098514660193e-22
-9.81619653345831e-20
-1.231885287340744e-20
-8.150581769551747e-23
-1.4760089019154103e-16
-5.874924356382471e-20
-8.378625659312553e-21
-4.3070846624402495e-22
-9.235361614018454e-22
-6.588257141436429e-19
-2.3145859454303724e-21
-1.6809008612834718e-22
-5.784719648518769e-22
-1.3509101175869318e-20
-3.6111252592340396e-24
-1.1440047366545753e-18
-1.6638079960967256e-19
-2.7494894330993705e-20
-2.9957644204925324e-12
-1.4215205659261824e-22
-2.367882549100742e-21
-4.778015663114269e-22
-6.021797358053162e-22
-2.258523388421406e-19
-0.05156769780262692
-1.499732472389262e-14
-4.9310559417124135e-24
-9.668112518632386e-21
-5.387943380436324e-16
-7.68290555829719e-24
-6.348509826025016e-21
-8.020073336547556e-20
-2.675169331619271e-19
-1.3418142551268115e-20
-2.10413265202471e-18
-1.135695711395335e-22
-1.300760530810702e-21
-3.367072718840089e-24
-5.614971338523922e-19
-1.6385668093197117e-21
-1.4805475063262598e-22
-1.5187058712144269e-22
-3.076358781732935e-17
-3.54216791162553e-23
-5.529360926786494e-20
-2.106410990198428e-21
-1.0877112793770602e-20
-2.6721373632595633e-17
-5.8892712746148865e-24
-4.612468657724857e-18
-2.8225726101715085e-24
-2.0154546024350754e-23
-8.534460874931555e-22
-1.1505556947686415e-22
-5.769835143506835e-22
-9.24235969918186e-21
-8.254919378725055e-15
-8.616989966246906e-16
-1.1641440694722901e-23
-0.4962538081289698
-2.8125096165340403e-18
-1.4699859224456682e-14
-1.7517124199906465e-22
-3.3039447703957283e-20
-2.8675212898338286e-20
-3.9689554973898154e-23
-1.1007283087944481e-16
-1.462472118173506e-20
-2.235589203224095e-12
-5.443338309953135e-24
-9.475013419707068e-23
-1.788966227135003e-22
-6.261224315378294e-23
-8.963005762000681e-14
-7.158148812271093e-24
-2.239099262474242e-18
-1.8045815941793168e-15
-2.2602906475895723e-19
-8.025971835266254e-23
-4.157816775031748e-21
-1.001068187332285e-17
-8.117063190833526e-20
-4.081177593678234e-19
-6.3650363702514126e-24
-3.7370701347900566e-24
-5.575688252315906e-13
-7.314155074255274e-22
-4.3357300679183804e-14
-9.84913491618856e-21
-3.409383864178927e-24
-1.0337965968115004e-20
-5.861482079296256e-22
-3.5795875191151984e-22
-2.065029649643977e-21
-3.2668280401288415e-16
-2.824969373269655e-22
-1.227685035631429e-23
-2.8772676721250156e-22
-6.316527917511684e-24
-1.933509000397541e-18
-1.9829336991603067e-22
-1.291698918463836e-17
-1.1635328424443057e-21
-1.2098983533250473e-14
-9.283262798296015e-21
-1.3181450288209276e-21
-8.601486446103512e-21
-1.5244471325241226e-23
-6.667653630806262e-23
-1.5153597437254259e-22
-6.424486969138132e-18
-3.269774380748853e-22
-3.005185721937935e-17
-1.866711485128303e-21
-4.723185756953306e-22
-5.117434022590567e-22
-8.617932473654812e-21
-7.847239829380253e-19
-1.5528768072904572e-23
-8.676599887459082e-16
-1.247648444264851e-22
-3.131299972703512e-22
-2.0873843171731767e-20
-8.816237625541857e-23
-1.4901437876527176e-16
-5.943157799670417e-19
-2.4289699532852954e-20
-9.433309266923795e-23
-3.1809211934816226e-23
-1.952151933505355e-21
-5.4317134136863125e-24
-8.117778612577993e-25
-5.5466166527408404e-21
-1.0547600297489675e-16
-1.119026876295286e-22
-9.290243045763338e-24
-3.697442303854972e-23
-1.592140707510591e-22
-4.529065395679862e-22
-9.668268798370264e-24
-7.633069153477033e-22
-1.1392809635782309e-20
-1.0786334315705228e-23
-2.616172895241568e-16
-1.344271306201397e-17
-4.184582174302539e-24
-1.3868275046338882e-22
-5.335076139481807e-20
-3.9095182425093785e-23
-2.5647215893619323e-23
-3.9691329981763713e-25
-5.4754683675958705e-21
-2.1274916608042565e-10
-8.861437524512527e-21
-4.9608148667751975e-23
-1.6965802350569468e-20
-1.2767287992868406e-21
-9.792567034540908e-15
-1.0411833407163622e-07
-2.554128121471411e-22
-3.7229468659814206e-22
-1.3673635883401298e-23
-1.2170095636519916e-20
-8.527021242780264e-16
-1.3646013851714957e-22
-2.6170408913379067e-18
-4.415625777340316e-08
-1.13130911329072e-19
-2.6085882503410024e-24
-2.329524798811271e-19
-2.7951432684519734e-22
-1.1088315556024201e-18
-1.6917642533212668e-23
-3.4701669405112814e-21
-3.2899189331449307e-17
-2.3940251062973487e-22
-5.527878496936767e-24
-5.917488008538825e-20
-3.4445425024366214e-21
-3.956859173204851e-21
-8.07969521877952e-20
-5.2860580343070373e-23
-1.351230297570605e-19
-2.7857977766593693e-22
-3.970604426641707e-23
-7.77666295270905e-21
-5.873630537814118e-18
-5.790215738805386e-22
-1.1906654999900113e-22
-4.3882857205342104e-21
-2.0221606412931644e-22
-2.366643602276194e-22
-1.2608827273640465e-18
-1.5916558510313312e-21
-4.296364255025301e-22
-2.3039724718266533e-13
-6.880570240633731e-20
-5.398836891963207e-25
-9.721178306893649e-24
-5.3776787640029554e-18
-2.316376819606005e-16
-2.909844532478991e-20
-2.3111779008409578e-17
-4.116025043222522e-20
-1.8119550315437745e-19
-9.128286853314719e-22
-1.2981703988046787e-21
-6.207674835145823e-22
-1.092029100096153e-20
-5.720892898536676e-19
-2.853715071940626e-13
-1.809908369113211e-21
-2.088678415807199e-21
-1.1984944869679285e-20
-2.8806991920321566e-22
-3.09846309624968e-21
-1.8616241406143463e-20
-8.505786056497289e-23
-2.789849564291309e-17
-1.3947334954069103e-23
-2.469522529640511e-21
-3.4244543069156495e-21
-5.997671449879275e-22
-1.875497101141615e-20
-4.938585905106212e-20
-4.0227839388700754e-19
-3.509016011179024e-20
-2.8552052475043125e-20
-1.2404318641132854e-20
-2.9556348011278547e-24
-4.277483753708483e-23
-2.259539299603434e-22
-1.934119118131337e-23
-2.3267311516496008e-17
-2.024427720345102e-23
-1.3167584714863058e-21
-4.157243179288085e-19
-2.3826979261950185e-17
-4.843230165592982e-23
-4.855417642108401e-19
-7.48058885684175e-21
-1.335270718602473e-21
-2.0005974790743129e-22
-2.9513239100590357e-19
-2.2813646211600928e-20
-6.377492334631195e-22
-4.611530168387749e-23
-1.85355615821055e-22
-1.4777076622648955e-23
-1.813704587943563e-21
-3.361464557807765e-26
-9.231543003049097e-24
-7.218359394126433e-23
-7.079960109994957e-12
-4.163781174632153e-20
-4.789621847529741e-22
-5.822981149674018e-17
-4.138889739705101e-23
-3.077853764298852e-24
-1.4175641222162658e-23
-4.931815092626937e-23
-1.416357054230775e-21
-3.0086145211173936e-22
-1.2664989812438677e-21
-2.813953634478689e-21
-1.756733089290096e-22
-2.8509424682770915e-21
-1.4128884005704472e-22
-1.3851045090205105e-22
-3.2491017907009853e-24
-2.5650145831026353e-18
-2.8280790418287253e-11
-3.8208069892859176e-23
-9.919085726521404e-18
-8.058855346752228e-19
-3.001808122903302e-18
-8.399789269880991e-23
-2.9534995174136455e-22
-3.3887861544328756e-23
-9.107631297241295e-24
-1.097621874798742e-22
-1.7368747073741795e-22
-3.1736890659794523e-15
-4.649721895197378e-18
-7.465483118030732e-19
-6.514426388566811e-22
-3.613927036991815e-20
-2.5136471643285895e-23
-1.2997527230675052e-21
-2.7811697015158243e-22
-6.835657120422085e-22
-0.9997126022784036
-4.949413137398857e-22
-4.2694547226013767e-23
-2.8046282724102416e-23
-2.3256312753575113e-21
-1.2805778489793103e-17
-1.1920093999094465e-17
-1.0222018593254117e-23
-1.5774945749146614e-20
-1.4938908661474625e-14
-1.9247768018929473e-17
-2.065421958082185e-22
-1.2299264455165954e-22
-3.549150262096019e-09
-4.045012250765797e-21
-2.4022247125422914e-20
-1.701642286593029e-23
-2.2149748010136178e-21
-1.3933610600116125e-20
-4.83262800704314e-21
-3.2815475197702834e-19
-4.319512989924835e-22
-7.39769148884856e-20
-2.076328241318987e-21
-9.53454024968078e-23
-9.815476861068337e-18
-1.0785650881809426e-20
-6.057707529984291e-20
-6.85706409493197e-20
-1.2672933566892963e-22
-1.481796193810001e-20
-1.0474139191255158e-13
-3.2458695018096162e-21
-5.569319919229519e-19
-3.582821994570214e-24
-3.553183029166754e-21
-3.414448139961126e-21
-8.988342847523648e-22
-7.768125589662633e-21
-3.0319368384277204e-15
-4.392680043641098e-20
-4.7050906200174554e-23
-1.3624785091146933e-21
-1.7296388476357338e-19
-2.390293316190521e-22
-8.574866236411504e-22
-7.498339255916141e-21
-4.927180839192062e-22
-2.2121154237936052e-20
-2.122042900465281e-22
-9.718949509693537e-24
-3.524575184631836e-16
-7.049130725234112e-12
-1.1531295886218372e-21
-2.0564468604794337e-23
-5.0014375308565994e-12
-1.807403219813245e-21
-1.0805687051353395e-21
-3.550603157329735e-21
-3.1899447841920235e-22
-1.4500194313547124e-22
-9.055898292053532e-23
-3.2591754841969917e-21
-7.648076666502366e-18
-3.8205778543752793e-23
-6.4545240676470895e-19
-1.119898099329768e-20
-1.0450201409926777e-21
-1.4490901389600832e-16
-2.262944730710637e-22
-2.1101878635768844e-23
-6.039195550312408e-19
-3.420440024855258e-23
-2.0295892095818867e-20
-2.634841678411909e-16
-1.856615631223127e-21
-6.01375305138004e-23
-3.06523752163664e-22
-6.819613356176275e-16
-1.7335063399439276e-19
-2.2249033499204433e-22
-1.1560078307186611e-23
-5.334540571171395e-21
-1.7074950278024932e-22
-5.168701783397208e-23
-8.837524325978877e-17
-1.3438885347129976e-23
-8.169838020755385e-22
-1.778923551310649e-17
-1.5146868719778976e-23
-1.2717743575098344e-21
-7.723931311081491e-22
-1.9458399782328227e-23
-2.492964716400863e-23
-1.17217204798137e-23
-8.69111531225999e-22
-7.214895329897426e-16
-4.400244609708552e-21
-1.6131474722513349e-18
-9.279845593295913e-21
-9.841406189992965e-20
-2.5170816460782576e-17
-2.2342247362320815e-14
-4.5993817047124237e-23
-1.2605137057010972e-18
-3.4172025521780946e-18
-3.6054839878584255e-13
-1.337595026308103e-22
-1.8205221180953878e-19
-5.952754544866793e-22
-8.899933426054776e-23
-1.5378912268348936e-19
-3.4635167729830756e-21
-5.399727633241826e-21
-2.7097097789228327e-22
-6.19490789051065e-21
-1.0575536704163875e-15
-1.0080363790836325e-19
-2.680233613703667e-22
-1.3257579046277833e-20
-6.0754707616907185e-22
-1.45585421769301e-19
-1.3143075958317447e-22
-0.0010822005637515734
-1.1251443711955696e-23
-5.309675370836529e-17
-7.106629946625311e-20
-6.660644271169456e-18
-4.8631210446374065e-22
-1.0733517341960458e-26
-3.858837994524632e-23
-3.7948476267292814e-20
-4.0701084297476354e-16
-5.442914642681998e-22
-3.4053905481610997e-19
-1.0557455053289045e-22
-3.544917481804336e-21
-1.4969486356696697e-17
-8.134279074459887e-20
-4.913675950931863e-23
-1.2872046422160975e-18
-2.448097951987876e-22
-5.159663284910545e-15
-2.4884519773827247e-21
-5.476125709559044e-24
-1.267271139197315e-21
-2.433241537498854e-18
-9.315738050143206e-23
-8.424656692286872e-24
-2.687618666149913e-23
-3.2933992639143398e-19
-1.7666209346773698e-21
-2.97833014378454e-20
-1.6680008415521101e-22
-1.217842575796539e-13
-1.533219984085161e-22
-2.763047341560902e-23
-1.9168792569320865e-09
-2.862744728559605e-21
-7.23660392813805e-23
-3.801159429895563e-24
-9.65834915595249e-22
-6.054363058750449e-21
-1.9919795824960083e-23
-9.342874681033718e-18
-2.5656042603232277e-21
-8.455578686285147e-22
-1.5599622174568783e-21
-2.6294334314875108e-18
-2.880892798295496e-21
-4.592524015806847e-23
-3.3137710827693266e-22
-1.407009174046026e-19
-3.1168394245553544e-23
-1.1792189899284179e-34
-4.781530735151987e-16
-2.927259237763475e-17
-1.6131488470585534e-23
-2.952867711285744e-20
-1.0614223108659913e-18
-2.031451839592914e-24
-2.1592307972242483e-18
-2.1400754611384102e-18
-2.0977115688823386e-22
-4.3968087764206576e-21
-1.0613378403754576e-19
-3.551778977636569e-23
-1.4078405320320759e-18
-2.8848456575978393e-20
-1.0994931605938423e-15
-3.089608355480417e-22
-3.364137909541224e-22
-2.4337757422646177e-22
-2.2159353489039054e-21
-1.6617573982644424e-16
-4.376660418014322e-18
-5.459255682619211e-19
-8.310030851577666e-23
-4.1252569197217054e-24
-2.1028934448821457e-23
-7.244849546652521e-24
-4.602268731330418e-21
-2.6536453906888634e-21
-1.2938635824994097e-23
-1.2570589794910263e-20
-8.676585043516515e-24
-5.601953989025842e-23
-1.9391450802640515e-15
-3.399500857000315e-21
-2.733934543332111e-23
-9.307758519078756e-20
-1.9817900784138237e-08
-1.8159471541160753e-17
-1.2484130798900374e-21
-2.2283847606614807e-19
-4.985734943259871e-19
-4.540907768364558e-11
-8.044333230180222e-22
-1.6008868361437605e-21
-1.7987757916061858e-19
-6.022151205679445e-20
-3.720527859343289e-17
-5.72963367041645e-20
-6.697572143446379e-20
-2.0036737458772752e-22
-1.0707150910197224e-23
-2.4599830590629532e-17
-1.969954598543985e-19
-1.559227858038432e-22
-2.3540653681115583e-22
-2.0923874343904965e-22
-1.9482638441490312e-20
-4.7014158512163064e-23
-7.991414147372313e-22
-8.561547905218143e-18
-6.133248221094821e-22
-2.863091739713879e-17
-2.538322139194085e-13
-7.870293042662544e-17
-1.6563808946629427e-23
-5.068987985016826e-21
-1.038042609527437e-22
-2.5198102135940998e-20
-7.377714458678583e-23
-6.58735132771963e-22
-1.1764896174886198e-23
-2.1968572418689917e-21
-1.4202127025549e-22
-3.9742331657910726e-22
-8.768085942116748e-23
-1.5576570756243615e-16
-4.93349654590325e-21
-4.15867977740708e-21
-5.6468119176587985e-15
-1.6585782040804853e-18
-2.5766259053831535e-23
-1.246513712629744e-21
-2.2355119527651817e-16
-1.1522949333133841e-17
-8.285063680726061e-16
-6.879667760646712e-23
-6.633864621834266e-20
-1.824385814879242e-21
-3.002018316730882e-16
-2.76331346106698e-21
-1.2106990187886196e-21
-1.0504108064343943e-22
-2.187035204199784e-19
-9.76408815236831e-22
-2.328135586183386e-21
-1.7129901379318691e-18
-3.397947224336901e-22
-6.881650551039136e-20
-9.395142681845003e-22
-8.256761513485413e-22
-2.588556511907043e-23
-4.883608971016591e-21
-1.2553066562670452e-19
-3.2006423232759404e-22
-2.61144411693718e-17
-3.1932893854477547e-16
-1.1130935507537696e-22
-9.113611255224983e-20
-8.534248816523088e-14
-1.3667616517938676e-21
-2.661252191658506e-19
-1.4096361790692072e-21
-1.5731680454510266e-22
-8.129418297167416e-22
-1.7715524000523482e-22
-2.1125223614237974e-22
-2.124069152338564e-14
-4.207294301080926e-19
-1.1014036831638151e-22
-6.040640969063455e-23
-3.0368443337019825e-21
-3.141169052289418e-23
-3.1166110424289656e-23
-4.3186817433517835e-23
-7.495008508722252e-21
-3.848410452133689e-15
-1.239875246595511e-21
-5.199485328968234e-19
-1.952890922220879e-23
-2.7153122522864827e-20
-2.0435836201483372e-17
-8.218260881456455e-21
-1.313969247391989e-19
-7.972383086679284e-21
-1.3797376631329292e-22
-2.4341034125986762e-18
-7.958491187726827e-24
-5.180644834324203e-21
-3.717528713134153e-08
-2.4728906460029e-19
-1.3119558596971727e-15
-9.517400888535208e-22
-2.801016701480309e-19
-9.481852835590847e-19
-3.9645371494700683e-20
-5.395442536008087e-21
-7.407629655856043e-20
-3.589602956663288e-20
-3.2723323713012927e-19
-2.4185367261655573e-19
-1.1136971728179344e-17
-8.374968546043328e-23
-6.865438123733667e-20
-3.1061757530362744e-20
-2.243008585141742e-18
-1.408094023478889e-20
-9.300315109754465e-22
-9.776752815506427e-21
-7.014591039893645e-19
-8.344392353045015e-21
-7.55550653752682e-25
-3.72218300587845e-21
-9.31102519366448e-19
-4.1539057437045956e-21
-6.830819960463628e-22
-4.1343866853097876e-22
-6.501935142456271e-23
-6.973473376908559e-24
-7.71780454912924e-15
-6.152642134941862e-20
-6.597727479797812e-19
-1.686461943508305e-19
-1.1670277227086987e-08
-7.088556465086337e-21
-8.417213314442928e-21
-1.2083914091823912e-17
-2.5802430364368027e-23
-8.827145813126938e-23
-2.213369640884718e-19
-1.8623723411557604e-21
-4.637867082042726e-16
-1.8858432261908896e-21
-1.9035770643873897e-22
-1.2375915617396152e-18
-3.8898233788834565e-18
-2.6661711373002338e-21
-5.783218032122302e-21
-1.8323863089900532e-21
-5.865227787951893e-11
-3.4834646194104164e-15
-3.6354781075114595e-22
-2.6191842910626902e-21
-2.5589455837912456e-23
-8.746635211701334e-22
-1.42984266137174e-18
-1.9753677453000875e-23
-1.2069666691834199e-24
-2.6164803680029102e-22
-2.0321498468525958e-22
-6.622876182524399e-21
-7.142184265610961e-23
-4.6549999400816245e-22
-1.7948833074367514e-24
-3.595100988093298e-22
-7.484674903286798e-16
-6.677963881392252e-22
-1.373108622154788e-21
-5.785739811399633e-12
-4.9012867079578625e-25
-4.726036869180365e-22
-1.9781357624086563e-17
-3.535460976323599e-23
-0.007736512974475699
-9.37436367831975e-12
-3.1792080944832704e-26
-5.964301179974335e-08
-1.6783001612509555e-18
-3.374102581477538e-14
-2.8049050614755436e-23
-3.102801243770452e-23
-1.5007299382489046e-20
-9.57967281958153e-20
-5.47832582199181e-23
-8.053922367009368e-07
-3.661546070041033e-17
-1.6505151170589487e-22
-1.5428756690458158e-19
-2.5876400220171415e-22
-2.1417730639680997e-22
-1.371572863160055e-24
-1.4221629963615405e-17
-5.467527554695563e-20
-5.143142017289979e-23
-2.664151379746308e-22
-3.2457276873367605e-17
-5.839632240501268e-20
-1.4672475109352643e-25
-4.1713820083622664e-22
-7.975799400716679e-23
-9.381373785343082e-22
-4.295934987347178e-12
-1.485592880741926e-22
-6.380379163785623e-16
-2.397973719011767e-26
-3.7265010604229376e-22
-1.2930789315304887e-20
-2.207525293212786e-22
-3.3747336830238807e-21
-4.0075120012645235e-24
-6.392352955088456e-20
-6.945998423729792e-20
-2.596881604961585e-24
-1.8082965852661205e-19
-1.2252067563994141e-16
-6.224601796860612e-17
-4.476470678383806e-25
-1.4802968371842748e-21
-1.6527515097560276e-22
-1.2845520187178764e-22
-8.381727466318242e-20
-6.909878919789639e-13
-4.6642403293395485e-21
-1.7796328440565942e-24
-2.5454876509993553e-24
-2.4379529595256717e-15
-8.84884619201703e-20
-4.366915802018779e-23
-2.4571917075087794e-22
-8.484088589956385e-21
-5.816512323819649e-18
-1.2819798170323064e-23
-1.399796699917041e-20
-8.19602938744778e-21
-1.7969287877647247e-18
-2.0697149537732074e-10
-2.3099012873892073e-19
-2.7195567126360576e-10
-5.503069173362627e-12
-9.175414818188913e-22
-4.512216011059163e-24
-5.368171515440993e-23
-1.2685981163104938e-25
-5.965278521354545e-22
-5.522329497667405e-21
-4.5216052317532535e-23
-1.1008119852738058e-13
-1.6328760698544115e-24
-1.1291324886618058e-18
-8.10244841941248e-24
-1.938590048503553e-11
-3.653236138291065e-20
-8.852793681884666e-18
-2.125509054496248e-22
-1.9482070573792582e-21
-1.9651782726145855e-21
-2.5725322149261753e-21
-1.0362469247449566e-20
-2.3202567829911385e-12
-1.1881870328275508e-19
-4.596417339267401e-19
-1.6878069356200145e-20
-1.7036010707290212e-20
-1.648500860560529e-13
-1.7110842474671995e-17
-1.526934592730228e-14
-9.252047463218932e-25
-2.4067854816472175e-20
-7.924697096920626e-10
-2.427199364117752e-22
-3.5072952085295147e-19
-9.96819817625731e-18
-1.5539582232738937e-23
-1.544733482770364e-23
-1.6036704873620987e-26
-1.52615649436743e-22
-1.139810368494962e-18
-6.222938234971882e-25
-7.599232664173492e-17
-4.9284828479511554e-17
-2.2213881824405915e-18
-4.479449322214164e-22
-1.1579445383413106e-14
-7.308947773799711e-19
-3.5677625829605978e-22
-1.150729081237563e-22
-1.3269581421581898e-19
-1.2918081190684616e-19
-1.0228621577012996e-21
-9.462395230762333e-22
-1.1675345049958946e-20
-2.361559064755904e-21
-1.844316052227467e-16
-2.1670894017915552e-20
-7.570415545777975e-23
-2.1434280748524855e-19
-1.1619531874645924e-20
-2.233413433486695e-25
-4.501242055382624e-13
-3.37540113921291e-21
-7.782291256257553e-21
-9.162015254152468e-21
-6.777697186583769e-17
-4.043448692769785e-22
-4.457259558736905e-20
-5.096871556028632e-22
-1.5133984000836313e-21
-8.723542608229153e-19
-2.8072185573783574e-18
-3.3917702740332325e-11
-2.6669158052237186e-21
-1.5362762508981554e-20
-3.9372516125426567e-22
-2.9624514244900545e-19
-2.603691965656903e-24
-8.502765158887203e-20
-1.4988226091260973e-18
-2.0071063742911943e-22
-8.26459353688626e-20
-6.2818020991687e-23
-4.372389866776798e-25
-3.6171623771652446e-22
-2.826312039885541e-23
-1.0343061888487346e-10
-4.743162297896262e-21
-4.076490958751424e-22
-7.579265225691387e-09
-3.9675538431282163e-19
-6.845396854916531e-13
-5.238517685934515e-21
-2.224980969421536e-13
-7.958340011261962e-18
-2.965633062735415e-17
-1.472373403891315e-20
-0.3219377030451244
-1.8392492930114834e-24
-6.87021934640161e-19
-2.7522759921568506e-24
-2.610608805581046e-24
-5.789718914730524e-16
-3.663031244743725e-21
-5.926068051711599e-23
-1.5215336070814713e-21
-9.362113113466178e-23
-4.47941136491393e-25
-4.010286265264586e-14
-5.784102759414373e-17
-1.5606963603094446e-21
-4.803879041127616e-23
-9.536665492495261e-10
-2.6967741939736603e-20
-1.5819225347895477e-18
-4.537696204122209e-19
-5.237022623685304e-21
-6.96128736947856e-19
-5.1171088968161136e-23
-6.5598496694820815e-22
-2.2433752689734103e-19
-0.00010028324385294682
-1.2350869993505491e-18
-5.1016315456376475e-17
-7.548533710143644e-20
-3.33890177553415e-19
-1.4411186447222146e-23
-3.699605619692452e-22
-1.8901035781138673e-21
-1.1484552780423897e-20
-3.6865976028769035e-14
-0.005656661561098815
-3.119410555433179e-23
-4.735491748491605e-24
-6.238344378686668e-19
-4.821194364528306e-18
-8.674444204660013e-20
-5.9743451486511956e-21
-3.3231454837364296e-21
-2.281892050496335e-21
-7.843237391301881e-19
-8.6450396437136505e-16
-2.2344170880670667e-19
-1.2415250833226451e-21
-5.0775290084532044e-20
-9.384024445699026e-21
-2.6613851701309406e-21
-2.6930958285168747e-20
-1.330037047504832e-21
-5.314760776848944e-23
-1.8518888156381754e-22
-2.687803971482971e-20
-3.393561173637627e-16
-7.981089714068142e-18
-2.0881224351093926e-20
-9.776517890383291e-18
-2.7170971724008693e-23
-2.4671898596936194e-21
-2.4393220001616688e-20
-1.1945062128834515e-22
-1.3759432125645216e-27
-2.11069139980214e-19
-1.6792955791580514e-23
-1.358404748495539e-13
-1.6360723642658687e-14
-7.730054811409289e-20
-4.6471492346437004e-23
-9.141408686734386e-23
-3.032738307156134e-17
-5.207772360597524e-23
-2.3695372260184058e-20
-3.4058127541616807e-20
-7.141687297789861e-26
-5.938917119907875e-15
-3.380557574657295e-23
-3.247164594468825e-21
-6.004732633312067e-24
-8.191825939577825e-14
-3.1471457750374333e-22
-1.0593510372525569e-19
-7.547653439703344e-16
-8.831628684972467e-19
-3.0434468322467685e-20
-6.383240115051431e-21
-1.3189839934636176e-24
-7.061507651691209e-22
-4.172707435548158e-18
-4.405961835017626e-19
-1.0142183668320789e-19
-8.245502738117856e-19
-5.79419862451881e-14
-5.220399044249099e-23
-2.2566047466325368e-14
-4.487588855910552e-19
-7.416378117948328e-21
-1.7642113560495287e-20
-1.4122334393135007e-19
-6.828793254973372e-23
-2.01323491704038e-24
-2.2123170927370277e-22
-8.928435963895006e-05
-1.5049585864693117e-21
-1.3452612230971588e-20
-2.469805813185794e-25
-1.0802281926565647e-17
-4.516510171380439e-19
-1.2300797648785538e-14
-1.3554344693705848e-22
-2.97414570144207e-24
-2.0066873347916822e-23
-4.158710734986958e-20
-3.534560387980737e-33
-1.3946665379695948e-21
-7.560350020254614e-24
-3.717997730614451e-18
-5.9712733694061415e-21
-1.5508151303360602e-22
-2.7205481585423414e-21
-3.793643646483281e-16
-4.0535221064094665e-19
-2.0472547928651487e-14
-3.179258429178809e-29
-4.6611483936025735e-21
-1.3328845060415651e-24
-1.1001585971860323e-26
-9.05699085209982e-19
-2.1936429811511964e-20
-2.921563300079522e-21
-2.28508877984863e-25
-7.728710482666564e-24
-6.500676668137004e-16
-1.862186877542659e-22
-5.812464150605941e-26
-1.4289791859785341e-21
-1.7939755174966929e-19
-4.227729053681911e-12
-6.222308439951026e-22
-3.525025142816679e-22
-6.587467481335494e-22
-1.6080817348205067e-21
-1.1492342409374729e-17
-5.9883187260644144e-15
-7.199035893915178e-15
-2.074576050518302e-22
-8.869870327579706e-23
-5.930386313984758e-28
-1.1971037541397927e-22
-1.7520230691343e-19
-9.435672874824414e-25
-5.937262154064993e-22
-2.160160957171583e-22
-1.2153047329536047e-23
-1.2393411455734072e-21
-2.9682992834507703e-24
-2.443545585994167e-18
-1.8292376970905822e-16
-9.558071228357238e-18
-3.8094142563884785e-21
-2.1945222864001782e-21
-1.0359066608234621e-20
-4.943146847792637e-18
-2.610332297359236e-15
-1.9725672732343152e-22
-5.416728786431412e-12
-3.5757860871328366e-24
-1.4973470311046256e-17
-2.23035435903776e-15
-1.1282405583943365e-21
-1.7397167413828463e-14
-4.478901695335565e-23
-2.365925281694749e-21
-6.918053802859287e-19
-1.0697268499864256e-22
-1.392028294202372e-20
-3.690031631296428e-23
-1.9035970173660503e-20
-3.557999753025204e-18
-1.2926926554297144e-17
-1.1547024936657403e-24
-3.3169054841749017e-22
-9.92984808610251e-19
-1.5341600310775137e-22
-9.918909848453482e-18
-4.435845399590389e-19
-2.0817418000795374e-11
-4.9056626660575e-15
-1.811461514419722e-20
-7.489860701414567e-20
-4.239348882677522e-20
-4.820363152703553e-17
-7.248639145480771e-16
-1.3281259869077216e-20
-5.605656998014308e-21
-1.1132274345636456e-12
-2.6051743672265526e-22
-4.734653669058917e-13
-1.948608743090361e-21
-7.412589484455444e-23
-1.6461764740794193e-20
-6.062387517865077e-21
-1.3566106763919479e-24
-1.1270628918005153e-16
-1.5151800482873843e-22
-1.0964033316041201e-24
-3.416648743846507e-20
-3.385725757453859e-19
-1.0
-0.37018872546032444
-2.4741217914616927e-27
-4.713098768155956e-17
-2.1652604706029517e-23
-2.803497805816413e-19
-3.0924955692278415e-23
-3.631824700197651e-21
-1.1619011877658857e-21
-1.5410565444020632e-21
-5.205124934062999e-21
-5.998167628641631e-19
-5.240684131104945e-22
-2.324065982125415e-17
-2.602071040927323e-21
-1.0658099313142025e-25
-1.2307466249182113e-20
-6.755141558599135e-18
-2.412246609456154e-25
-2.180415195058451e-22
-7.298783379881754e-24
-3.0249539884632305e-25
-4.209421748480559e-25
-2.3097865677450604e-27
-9.009006224311526e-22
-7.388969365761823e-25
-4.24113995495248e-20
-6.167018694940986e-19
-8.02258394669864e-21
-7.954117370379352e-21
-5.607473114794868e-19
-1.2565585064521539e-22
-0.0016464077220132505
-4.577770502993892e-15
-1.8073207268456287e-21
-2.8649946150333207e-12
-4.8697627785908824e-18
-2.2135954518362134e-20
-1.6999119904285877e-18
-2.3280478035706513e-20
-9.233909369898446e-20
-2.237933957475944e-19
-1.1400628215404752e-21
-4.414449951059706e-22
-0.9999999998921565
-1.7719857373404083e-27
-5.22621081476495e-22
-1.0887429750981598e-12
-4.389235971398505e-22
-1.1526637139366976e-12
-3.9808088262045225e-26
-2.717890103331304e-20
-9.446032185979477e-26
-1.2486556649510157e-22
-1.4363194444203215e-15
-1.1652137048453966e-21
-2.386925486742046e-21
-6.934352409646e-21
-4.791185837070523e-21
-1.2179059667712602e-19
-1.3264696867193285e-15
-1.581052930830992e-20
-1.3502427728482917e-21
-5.998168703103655e-21
-1.2321431412511318e-18
-3.251005358415377e-20
-7.945613349311837e-21
-6.692726464151036e-22
-8.933578783081635e-14
-9.881816747251146e-18
-6.268553946544727e-16
-5.519818846476357e-20
-1.7339849500911417e-20
-2.4008488977682645e-17
-1.3078630182269766e-19
-7.733882412523535e-23
-3.207126397942071e-21
-6.872255613556404e-21
-1.067814340740845e-18
-2.346107013446763e-20
-2.7081266110078634e-24
-5.403215371577282e-06
-6.1769483126742784e-21
-1.5353780165953263e-16
-1.1075184143838013e-17
-2.6484889112665074e-21
-4.143987230758577e-28
-3.172829522466941e-20
-6.077155117927904e-23
-6.238814838401766e-20
-3.6663075336728377e-20
-2.815335456750369e-21
-2.5680646191315214e-09
-1.1863693608400902e-15
-1.8594563292080327e-20
-2.3375598811766005e-22
-4.788609229969357e-21
-6.0534600639536366e-21
-1.2048031462473714e-22
-8.90267546024515e-24
-1.8755990438199663e-19
-1.714520315929647e-22
-3.935977446422351e-18
-3.318208889917731e-23
-1.588122102362631e-21
-1.4175772180102075e-20
-2.2536539361786958e-17
-3.4466739353243635e-23
-4.50320889378641e-23
-2.8868006543403243e-21
-3.7736599506602514e-23
-3.0755197583427996e-17
-5.979963640129794e-22
-1.816398820607423e-20
-0.9682682289029588
-1.5526496395873077e-19
-2.9889794046497585e-20
-5.78073740103344e-22
-7.063272473070229e-17
-5.165740464395708e-22
-3.74961808040364e-18
-0.0020370277676861827
-1.3813316843148583e-25
-3.750541290326321e-22
-1.5840143063883357e-15
-2.394698688734767e-25
-9.625089878503804e-25
-1.4503041483251432e-25
-1.276298688210757e-12
-1.6969663337536363e-17
-1.6117662836105434e-23
-1.0174178041655489e-16
-1.2452815914983465e-19
-2.032538772812779e-21
-1.0358448359141104e-21
-1.74510810592262e-17
-1.9557743467823647e-20
-1.3719771967660528e-21
-1.4391974429251908e-19
-2.8214994066172e-20
-6.290160131082931e-27
-1.0
-1.3695396493846375e-17
-1.3161583407042706e-22
-4.697615339238934e-16
-1.168749918597292e-16
-1.0230564515226887e-21
-6.5289237793232746e-15
-5.283569021664224e-29
-1.5342798571865562e-25
-1.5554950605420709e-21
-4.952967525734076e-23
-4.694137869631564e-18
-4.520332263505781e-19
-5.82683441146177e-24
-7.044159176242153e-23
-4.594694345411805e-27
-7.191597208439108e-23
-2.4517621309497495e-22
-9.131929069343286e-22
-5.851578608390311e-20
-1.3082588406376528e-26
-1.824403390261667e-20
-3.4902681229712015e-20
-3.599855905834368e-23
-4.0355730646777895e-20
-1.136674359804951e-19
-2.3374688045997237e-17
-7.336777739222967e-23
-1.6284525229487647e-22
-3.880192940920522e-21
-3.66573841271507e-08
-5.719945150577471e-19
-4.0231772827867286e-19
-2.4742072009018836e-21
-2.4065476408865185e-20
-6.918617081446887e-21
-9.462990734582249e-19
-3.1089324524384385e-23
-1.6058140246907742e-16
-3.7043072300824757e-20
-1.361476612728816e-22
-9.166492975250147e-17
-1.4380304485197153e-15
-1.2874061789366777e-22
-7.016434769840294e-24
-7.327096698272485e-21
-5.14979393584255e-22
-1.0370363178935041e-20
-0.9999031063294572
-3.7083971892618944e-20
-4.746206335793623e-22
-1.0166349419877288e-24
-2.928909861764051e-22
-5.5842135726175434e-21
-2.917173974965283e-22
-9.396274391801328e-25
-6.180203597966436e-20
-1.641453623823447e-18
-4.2568657806001017e-19
-6.133167420638624e-16
-2.694966886276329e-21
-4.7945641347024955e-22
-5.529699841271868e-20
-4.989047183920484e-22
-1.6930991879727298e-23
-2.682344369948971e-20
-2.503652007678576e-17
-7.086657444129943e-19
-1.3473797387655239e-25
-4.182626229306252e-25
-4.615523009454949e-18
-8.995054594951126e-26
-5.300171851768472e-26
-1.5756549567676262e-18
-5.36147014103897e-24
-1.276129059344788e-26
-9.602578185207358e-14
-5.271125920397386e-15
-2.611352452428466e-17
-1.1345519888624154e-19
-8.263873036538289e-12
-2.1398474635616227e-17
-1.4676772185289035e-20
-7.660996324271396e-24
-1.4323499779528769e-21
-8.927363965376547e-25
-5.757990436686484e-23
-2.358243185475794e-19
-1.737195504955853e-19
-8.215476488901831e-18
-2.0675939580890753e-23
-3.565628051052401e-20
-4.983347613523637e-23
-7.2985173627418275e-25
-3.409889411031937e-15
-8.019841928758444e-24
-2.197193264512987e-19
-1.6400256756917993e-31
-1.2604778874310471e-20
-1.3599695336783763e-21
-4.54879009515867e-19
-1.2407703435527327e-15
-5.4727614763890484e-21
-1.1045521370961195e-21
-5.651119991000078e-21
-6.563998854202352e-13
-3.3706681059804045e-21
-5.190327666965472e-22
-3.013853796910846e-20
-2.5622028915264785e-20
-2.33665777572887e-15
-1.7426703295892882e-15
-1.6215171788322567e-20
-8.324274261351086e-22
-2.3634344601485096e-06
-3.0962317157305536e-20
-4.687510649468912e-19
-1.595745601147347e-17
-1.3638219843561072e-22
-1.0
-3.1118754017653853e-21
-7.525845506578892e-20
-1.7054566011606661e-19
-3.3200593664026606e-22
-7.429788697396208e-17
-5.9173294875834e-23
-0.0015102868455747
-8.923085703009197e-19
-4.609097272196202e-21
-1.0590687355482753e-21
-1.6881044396781034e-22
-7.308465215489177e-21
-1.239604669115342e-17
-2.406220438598715e-17
-1.3374948230772268e-22
-1.2318055659397255e-17
-3.407180839337272e-23
-4.503415758746449e-25
-8.648623322162465e-21
-3.1456510610229275e-22
-3.033983131802803e-23
-1.4732525825740302e-21
-1.4712616582878982e-22
-1.2965339336469025e-22
-2.0922134136316222e-19
-9.900314691084381e-24
-1.1125337327080012e-16
-5.3553003703121433e-17
-2.3633670283768234e-17
-1.6415475680399975e-18
-1.2843125561052143e-19
-7.710702036842634e-26
-3.0137114531549296e-23
-1.8954978631825446e-20
-3.83118601315591e-17
-1.65403689554553e-25
-2.872760922445927e-23
-7.649339354928909e-17
-1.981048308550727e-24
-2.7624567800093736e-22
-3.100375383663739e-17
-1.8005158294686805e-20
-1.3566293983661538e-19
-7.998368447626857e-21
-2.34189878726326e-22
-2.5645632510443658e-23
-1.320402994318907e-20
-1.871790843766823e-24
-3.722235943497726e-20
-3.0279907893607297e-19
-1.824044763578689e-19
-5.092020519096404e-24
-2.246414459974911e-22
-1.9876333876943313e-19
-7.984105057942218e-21
-9.174090152932872e-25
-6.633794124752099e-24
-2.559398310854605e-23
-1.0898641427455773e-19
-4.745883663899085e-16
-2.37245833856199e-21
-5.476129567625778e-19
-3.6289283222189385e-21
-1.7607888657787693e-22
-7.404041886640114e-20
-4.449588346191645e-21
-1.1205659860783747e-20
-6.171069649356173e-22
-4.2216400985835765e-23
-1.41792207982974e-26
-8.606375730044992e-23
-3.109788734605357e-21
-1.311654308759623e-06
-1.0273707091724059e-19
-3.2017505007059767e-24
-3.9856824278627175e-22
-3.654364012981079e-22
-2.11046890504536e-23
-5.636753709482178e-20
-1.3691074001455582e-18
-4.371875479949477e-21
-1.0513325625973634e-17
-3.425773275889519e-22
-8.118762463220992e-08
-1.5764515834767186e-17
-1.6501491131531316e-17
-5.67590321366611e-24
-1.390712591314745e-21
-5.733904582353474e-23
-2.236192015914252e-11
-1.8867439522288774e-25
-4.551463581920774e-17
-1.0312962513097192e-20
-7.90384793278107e-23
-1.271888502974499e-27
-3.823828171286991e-21
-1.9869752681238063e-13
-1.0701350279036244e-22
-4.221659698345184e-22
-5.0287906517186e-21
-1.4935723110392719e-19
-1.0021558063448074e-20
-5.128328456928136e-13
-1.1202709008733519e-14
-4.5487763483092386e-20
-2.688835882248556e-23
-1.0344003153711596e-10
-6.767316525570473e-21
-1.1731489464341823e-21
-9.162033787276272e-23
-2.6927886192174046e-14
-7.367157378547081e-19
-7.270882605779206e-20
-5.716955273283801e-23
-1.7587833407633315e-23
-2.1895566321356525e-22
-1.6292864543220788e-13
-5.365481647088102e-24
-4.642076164617516e-22
-2.3881311260524295e-11
-2.2483221698609456e-26
-1.2360181330945314e-24
-1.0671355438257572e-22
-6.313154379928543e-10
-9.471694734311305e-31
-4.675596328234527e-19
-7.482721638444532e-23
-2.3483703191826357e-25
-3.0647317587506077e-22
-1.1691824966374295e-23
-4.5069694275371184e-10
-4.826872521084834e-16
-2.512132517695264e-22
-1.2476236729994079e-23
-2.143910255098368e-20
-2.3633815343798096e-18
-1.4239311203603781e-15
-7.860272112072177e-17
-2.1111458122164947e-19
-6.282600651872157e-20
-9.374225250961303e-24
-5.858263510158861e-21
-3.5265679556422e-28
-1.6412240430719562e-18
-1.200963403351257e-19
-2.4939418779247685e-23
-8.922621716822549e-18
-8.774445118712186e-22
-9.254091372822077e-17
-6.481502293085507e-21
-6.182350261359052e-24
-7.5501857630520675e-25
-1.3738617685329284e-20
-1.559073882227261e-15
-2.4458648767472647e-16
-2.9834826476997104e-18
-2.2086084298896207e-20
-2.1428013879005177e-17
-1.6625633166698254e-15
-1.1774562714587573e-09
-3.5175615259773323e-16
-6.602008572172138e-22
-5.567626797547436e-15
-5.022289760299971e-22
-5.896588665053606e-23
-1.1304110007181781e-18
-1.1187842092494577e-26
-1.72115024974861e-22
-5.809707740291021e-16
-5.646848745080125e-25
-2.7860810423361803e-17
-5.564010814517366e-17
-8.870076218160728e-23
-3.7299898769848375e-16
-5.165585418149725e-22
-2.831843965784632e-15
-2.701777968943838e-23
-1.422415844959912e-19
-3.302897019549106e-15
-9.310379837627495e-14
-1.9165999145288768e-20
-1.944127321927974e-20
-2.5461333692608818e-17
-1.4353389457726614e-20
-9.745516355580613e-21
-1.0641640871723499e-19
-2.028703153225807e-12
-6.716327066776858e-20
-2.0713921314209324e-21
-6.506123123946592e-21
-1.9578121653520625e-19
-1.208664641669126e-12
-6.18620088554617e-23
-1.5886313751041866e-19
-2.2600628071927245e-10
-5.371347640082809e-17
-3.9765643193365463e-22
-0.8677094887579415
-3.642273714258598e-19
-6.28284869480205e-17
-6.165970285941553e-20
-1.429129508664382e-20
-1.1493185725148704e-18
-5.704032135207387e-23
-1.7804799953315224e-22
-2.6399907031673334e-17
-1.8440815202297574e-19
-4.574479477454318e-21
-1.1655141177473165e-19
-1.0465753444082863e-14
-2.8570676225299706e-26
-7.715964113002157e-23
-3.1299730011782805e-23
-3.272457550944928e-15
-1.1056366094595804e-21
-1.0148438309015277e-20
-3.127125614829108e-24
-1.1372494751651993e-18
-5.792096366293091e-20
-1.5582244379254695e-17
-4.464170453000688e-18
-3.8339384741600005e-13
-8.751346751506621e-22
-3.7262424286975826e-17
-5.256774656338043e-25
-1.373065612279349e-21
-2.2834060166330746e-22
-1.4061445602870892e-19
-1.067094695590693e-21
-1.0971679726637035e-16
-8.753682006017783e-15
-1.4533298144576606e-17
-2.9334901757302874e-22
-3.377978965044004e-17
-2.8011465349577193e-21
-2.8149390846237696e-21
-3.839301159481824e-22
-1.2274519726412164e-14
-7.121063169027913e-23
-4.6837450683909004e-23
-1.0105999883855919e-22
-2.1456430757830365e-20
-1.6648525188159785e-16
-3.1537075246328276e-20
-3.7845538757032646e-11
-5.753392696361104e-23
-1.2051142585674237e-13
-5.4661647997456234e-21
-3.90666292158574e-23
-1.1909041995181995e-22
-1.0357945112124496e-24
-1.597649190933922e-20
-7.0367881346875425e-22
-8.628873680608173e-18
-5.905964990265665e-24
-1.4531848533077321e-16
-4.175956704986385e-20
-4.962557854630673e-20
-7.251633824275755e-27
-3.5096672513744955e-20
-4.0921460289208413e-25
-3.6175479438873397e-22
-2.9152973433534223e-26
-1.0509288593950554e-20
-1.779219532430406e-15
-1.787139225784739e-17
-8.226276418528188e-20
-1.4706763194982491e-21
-2.053176933985297e-11
-1.1600858132724044e-20
-1.5860154692249538e-23
-1.3611949599142464e-23
-3.108680770170882e-20
-2.0912155323460756e-22
-4.477613605898321e-25
-1.7122697929229734e-22
-1.220478864076092e-21
-1.6957473306380047e-21
-6.229762531227213e-21
-2.7502543599324937e-18
-5.455940645996444e-23
-3.7978536054914455e-15
-1.3642739421080103e-18
-1.19731138479883e-11
-8.750750028724436e-19
-2.2736675931714396e-26
-5.601924518191663e-13
-2.1842695553184046e-20
-3.063190720483967e-29
-1.4112431993819543e-21
-4.41976008023972e-21
-2.4644774044840753e-23
-9.241407261013143e-25
-2.2896982949751733e-24
-6.864469806334897e-20
-9.913115612277815e-26
-3.51074627690571e-22
-1.15434985522193e-26
-2.662195605243221e-23
-1.653229415187146e-05
-1.1692880868061353e-12
-8.010140976191707e-23
-1.722037832680612e-15
-2.3182334506205207e-17
-4.916439017743898e-22
-7.620144534226918e-15
-2.8914188646734977e-18
-6.227171573958005e-25
-8.232093444504796e-19
-6.227016244337659e-20
-1.6231154809032688e-23
-1.5948147006434628e-22
-2.578786540776199e-16
-9.163874804296818e-17
-4.675956182235552e-20
-1.5714509712770573e-21
-1.1173020086570725e-21
-1.828675731858234e-23
-1.1717223978594791e-22
-5.4486973293166315e-14
-4.474090989003227e-19
-1.3903298603685807e-17
-8.540313606585075e-19
-1.2419173682729893e-20
-9.60336042416552e-21
-4.106830218841459e-25
-3.908962294321312e-25
-1.4455843128183766e-23
-1.883641321015165e-24
-2.4157403282086897e-25
-5.004523369871027e-17
-1.9760581113737576e-19
-2.5054746369261843e-12
-8.490784057957314e-22
-6.535075847572273e-20
-4.728824384475906e-23
-9.600167758273012e-22
-5.668354372934106e-17
-5.540691894695637e-21
-3.0884165002950033e-22
-2.3158779609726694e-21
-1.0023105799908316e-22
-7.268882981840089e-20
-3.070643837241038e-21
-3.53362576397116e-26
-8.48616288586755e-22
-1.2099897163417017e-20
-1.1912722400698167e-23
-9.985392587742704e-14
-3.5392085404766485e-23
-9.811892170589015e-24
-3.550120147432525e-21
-1.8332100785855083e-14
-1.917674500207209e-22
-1.6368394483977668e-20
-7.642098615179872e-26
-9.414018787995003e-20
-1.0488098436907663e-23
-6.081814467396887e-15
-2.267716462711168e-19
-3.1914379926603407e-24
-1.1431368442500585e-23
-4.0314086649902284e-23
-4.340972010754058e-19
-1.1543748911608272e-21
-6.643480166926776e-26
-1.7773479745399758e-16
-8.532635830099815e-16
-4.09494314298767e-22
-3.655980111124444e-21
-1.8934453895434076e-21
-4.889253302868989e-23
-9.413077097845116e-21
-4.734345445861611e-21
-3.81388965696715e-21
-2.2812292894206327e-18
-9.289970458751186e-22
-8.517982127482042e-16
-1.2201675267235423e-18
-1.3612050151365467e-12
-2.851339200121849e-20
-4.4138577199470165e-22
-6.790531552191134e-22
-4.416505952521383e-27
-5.520218810565917e-26
-3.5064569150058645e-22
-3.6339835141365584e-21
-6.553699075862466e-22
-7.56480844533249e-21
-2.3644047538628653e-18
-1.039408726628477e-20
-1.2062388053949948e-11
-1.3955895628003676e-20
-2.7702590729161984e-21
-1.1172595646096684e-12
-3.0589630105976793e-22
-1.5511781805338766e-22
-5.622703154962249e-20
-4.700806490469078e-17
-1.6310001717520397e-21
-3.124657179215105e-21
-1.6936453879741775e-11
-2.2981659387558194e-20
-2.6042208997544155e-21
-1.8155645964417634e-19
-1.3857567606162323e-22
-1.063355837345326e-16
-6.900587723181347e-23
-9.829294758481526e-24
-6.6621565557381e-21
-1.74521711847093e-21
-3.594221810703627e-22
-1.1181591725615207e-23
-1.2000513663908364e-25
-5.823840022839759e-20
-5.501028644300566e-19
-4.671602218914074e-22
-3.791349273294772e-17
-3.629837004548351e-23
-6.510293591117099e-23
-1.445256597841504e-23
-3.2589494743324193e-17
-5.547346934587865e-21
-7.09111336801456e-19
-4.8743229538975505e-21
-1.0771573745860209e-20
-4.512094840694838e-20
-8.536578626926599e-21
-8.145766575318029e-22
-2.1843297086436635e-21
-1.030903751046294e-21
-3.6211927751682076e-21
-1.0597481829925253e-18
-2.079704900964704e-17
-2.0525562907693785e-21
-6.13714774477244e-20
-8.181877659265588e-18
-1.9421921971361673e-18
-3.262007817324712e-24
-1.715945844431927e-24
-7.639226027982689e-22
-1.1365175505266871e-20
-1.9160111609563339e-25
-4.425971106759331e-19
-1.4344270420727903e-11
-6.269037628479814e-22
-5.3351555994136815e-24
-5.7389948228944666e-21
-7.176584114384375e-24
-5.320950898469011e-14
-2.396858431070377e-22
-5.6720018944255234e-15
-0.915382069823887
-1.2303725611868163e-14
-4.925413686394447e-22
-2.3459630122150125e-26
-4.7219862137710915e-22
-0.0012520573155063086
-2.0375300884872148e-19
-1.5105464620812983e-20
-4.454394879224355e-20
-5.401258230813492e-21
-2.3003671680923766e-20
-6.534075343736505e-23
-2.6363860320646984e-16
-2.5616329734710588e-22
-5.439267335218678e-19
-7.714920639677423e-21
-2.5358848866024137e-22
-0.9467732862381716
-3.2178457739842934e-22
-1.5303923796261249e-19
-6.958748921977522e-22
-1.9922170893578226e-07
-4.870261161319117e-22
-8.747561593436681e-22
-1.2827080815477389e-20
-1.2207296790120763e-11
-2.666351743299811e-19
-1.3956165779958041e-14
-1.595903373984212e-20
-8.959598560448721e-20
-2.6237165331988097e-23
-3.39714818264878e-20
-5.626633550358683e-21
-1.3929270201240224e-19
-1.3329214486411385e-19
-4.371659431910093e-18
-2.0568501329738065e-21
-2.1187998709292115e-23
-6.079590238337828e-22
-7.696972613856257e-24
-5.460287745438249e-23
-5.744240051071401e-24
-1.7160726757926366e-22
-1.552052437213888e-15
-2.2198930180339985e-21
-1.0852074832838847e-09
-3.192744286059218e-21
-6.522054793966928e-23
-3.451688236232463e-14
-3.0155908286787807e-17
-3.8207904656403847e-20
-5.567392752471432e-17
-1.2693815370398016e-20
-1.1872124352959772e-22
-5.5493716315965475e-11
-1.622633682344497e-21
-3.3518318558904133e-21
-1.3602123232862746e-20
-1.8500108701956035e-07
-4.072391063530628e-25
-5.397365450137861e-24
-7.992008012610683e-19
-2.782572593561176e-22
-1.7755470231390588e-19
-1.1561646015373955e-22
-5.787516823955429e-24
-3.3701710137652048e-22
-4.539982975066757e-23
-7.15675983312678e-24
-3.1160276498417417e-21
-3.502424393566256e-21
-4.7081788718395614e-24
-5.374294253546258e-21
-5.011399541755937e-22
-3.442929622615796e-21
-4.021462540777436e-21
-1.9032388351610866e-23
-1.6579608089029175e-17
-1.9989804848534668e-19
-1.0025541394095425e-19
-3.344605453816232e-22
-7.330765342092708e-18
-8.401019907818833e-21
-2.5358992223640887e-19
-1.0547831746012467e-17
-9.79771664093492e-20
-8.48800446916953e-13
-1.1128613034008804e-15
-1.6478457457702043e-25
-6.132514550319177e-23
-7.24992609411748e-21
-1.7799493056483967e-18
-3.2299809923817164e-22
-3.909242340616623e-19
-7.249702831418749e-12
-1.586772400971687e-22
-2.762044131700589e-25
-9.894227784489062e-22
-2.731780753205839e-20
-1.7276784281257824e-26
-6.016838214523436e-27
-2.2440864263578116e-23
-1.0763077209095194e-24
-2.102689745549238e-20
-5.009362126543806e-21
-8.487836903365814e-21
-1.1623307818982117e-22
-3.382992918293704e-17
-1.579096100833692e-22
-2.7751903622232893e-22
-1.4115676419320195e-21
-1.6552493136044113e-21
-5.554873144888452e-23
-2.7615638118354304e-23
-2.6201739177729596e-21
-4.569233535655885e-16
-7.015201867573029e-16
-5.342543500998389e-20
-2.4876967377227008e-23
-1.5092645630113916e-16
-4.599330795482561e-16
-7.270466327765483e-22
-1.34168585715809e-11
-1.4024398786596173e-17
-2.8227180681546365e-21
-2.249633183511378e-20
-3.668775161489747e-21
-8.558200706249839e-22
-2.421936069168192e-21
-2.7106205440450806e-20
-5.249243896732034e-16
-2.6377715976184116e-22
-3.8826440979226906e-22
-2.517596921269102e-25
-1.2760685444833087e-16
-1.745342010724279e-21
-3.228416652560689e-07
-2.42915776648957e-21
-5.210269517746601e-20
-2.691855339531835e-22
-2.531253063382028e-21
-3.171033880806787e-22
-2.5878864989999483e-20
-2.3839041029916374e-22
-4.391484772339695e-22
-1.735302493572356e-19
