-94.71747589111328
-126.7137680053711
-151.1929473876953
-201.24176025390625
-663.296142578125
-148.0213623046875
-316.03045654296875
-145.56072998046875
-211.449951171875
-202.85311889648438
-124.36197662353516
-95.64411163330078
-253.0229034423828
-203.31369018554688
-107.01252746582031
-58.97629928588867
-28.331077575683594
-261.79669189453125
-58.0426025390625
-34.0629768371582
-110.29351806640625
-208.79367065429688
-273.23858642578125
-112.29725646972656
-177.6336669921875
-55.90887451171875
-67.9078369140625
-40.11064910888672
-48.58552551269531
-60.0954704284668
-1394.06298828125
-269.5268249511719
-235.42425537109375
-431.7073974609375
-131.77586364746094
-110.67398834228516
-177.4368133544922
-149.79977416992188
-293.143798828125
-47.938419342041016
-42.21632385253906
-137.35580444335938
-47.99859619140625
-53.971412658691406
-87.8408203125
-198.05224609375
-46.592681884765625
-77.93290710449219
-39.42812728881836
-55.518959045410156
-139.21649169921875
-38.864192962646484
-213.5345916748047
-255.40188598632812
-156.17523193359375
-1506.617431640625
-975.4822998046875
-1037.869873046875
-67.78844451904297
-893.6312255859375
-43.403480529785156
-1429.8238525390625
-646.3251953125
-247.85800170898438
-274.72491455078125
-171.65896606445312
-146.058837890625
-669.1992797851562
-49.7210693359375
-882.673583984375
-277.6079406738281
-37.22502899169922
-56.3096809387207
-61.290184020996094
-202.85397338867188
-69.55996704101562
-40.98418045043945
-488.2420349121094
-183.1172332763672
-167.13307189941406
-55.65647506713867
-39.770957946777344
-54.489524841308594
-41.57841491699219
-30.13885498046875
-44.41627883911133
-54.57718276977539
-39.757781982421875
-876.1289672851562
-362.3753967285156
-26.911602020263672
-57.15856170654297
-48.122989654541016
-41.81146240234375
-54.979034423828125
-44.1663703918457
-39.43246841430664
-77.51174926757812
-41.463985443115234
-40.91548156738281
-160.64645385742188
-85.635986328125
-34.19990921020508
-77.78324127197266
-46.476837158203125
-35.76148223876953
-84.5933609008789
-77.73443603515625
-87.28515625
-32.48516082763672
-377.730224609375
-102.14895629882812
-118.80950927734375
-39.852088928222656
-32.08074188232422
-53.553565979003906
-115.08090209960938
-53.211463928222656
-36.5982666015625
-70.72662353515625
-211.0135498046875
-40.8984260559082
-57.281272888183594
-260.6558532714844
-76.79873657226562
-58.26258850097656
-38.42877197265625
-2084.47802734375
-774.6549682617188
-48.776248931884766
-101.75151062011719
-65.3809585571289
-115.81306457519531
-89.20659637451172
-68.68418884277344
-44.54411315917969
-40.19109344482422
-50.226593017578125
-52.748687744140625
-58.00458526611328
-326.1811828613281
-63.129573822021484
-82.45097351074219
-85.55686950683594
-129.11044311523438
-34.53053665161133
-58.72920608520508
-225.0084228515625
-57.84722900390625
-193.7637481689453
-83.84278869628906
-54.655059814453125
-66.82786560058594
-62.91632080078125
-57.225467681884766
-518.6480712890625
-143.5005340576172
-181.57174682617188
-167.40206909179688
-179.96417236328125
-116.96456909179688
-51.69488525390625
-44.988075256347656
-504.3313903808594
-54.46352005004883
-54.196285247802734
-40.0452880859375
-48.9508056640625
-53.933807373046875
-105.11953735351562
-41.054710388183594
-53.18864822387695
-195.09181213378906
-70.89070129394531
-114.97581481933594
-178.71250915527344
-65.0994873046875
-78.92152404785156
-33.57910919189453
-50.45463562011719
-89.69559478759766
-50.47956466674805
-80.20460510253906
-56.883392333984375
-69.46929931640625
-58.55596923828125
-37.80176544189453
-74.56523895263672
-68.14410400390625
-37.3707160949707
-68.28023529052734
-74.46241760253906
-329.9544677734375
-94.0229263305664
-45.6288948059082
-38.71022415161133
-47.393775939941406
-46.92921447753906
-41.15001678466797
-133.48724365234375
-176.3868408203125
-57.44157791137695
-121.22030639648438
-57.14286804199219
-68.43148803710938
-51.057559967041016
-37.090579986572266
-191.536865234375
-684.8653564453125
-137.3763427734375
-62.13215637207031
-41.341617584228516
-43.39448928833008
-212.6727294921875
-51.35416030883789
-86.46163940429688
-96.94895935058594
-84.24319458007812
-103.48538970947266
-41.671878814697266
-51.56406784057617
-175.3753662109375
-91.14483642578125
-47.24736785888672
-79.35799407958984
-61.949337005615234
-54.19469451904297
-72.60511016845703
-44.108516693115234
-42.13501739501953
-230.64688110351562
-138.28045654296875
-311.3152770996094
-49.3320198059082
-115.05302429199219
-85.03893280029297
-188.41152954101562
-104.6423568725586
-99.57711029052734
-75.443603515625
-128.96009826660156
-497.15191650390625
-449.99407958984375
-2406.065673828125
-123.16056823730469
-102.77784729003906
-323.71630859375
-379.27203369140625
-174.699951171875
-38.220550537109375
-37.220367431640625
-124.94639587402344
-70.99115753173828
-159.73162841796875
-59.56517791748047
-91.69770812988281
-228.9665069580078
-282.58477783203125
-266.6273193359375
-163.0644989013672
-111.02638244628906
-177.24636840820312
-63.947242736816406
-193.5187225341797
-803.1651000976562
-241.8878173828125
-48.70423126220703
-90.61124420166016
-75.98713684082031
-71.94466400146484
-79.16664123535156
-93.82595825195312
-95.9976806640625
-151.6145782470703
-106.09806060791016
-63.583702087402344
-79.51010131835938
-547.8449096679688
-59.767303466796875
-171.31983947753906
-33.43543243408203
-158.58258056640625
-69.4527816772461
-66.7823257446289
-32.975154876708984
-89.08609771728516
-40.91876220703125
-55.05632019042969
-35.826812744140625
-36.741363525390625
-74.6885986328125
-51.496673583984375
-41.156009674072266
-259.45611572265625
-30.308517456054688
-33.794979095458984
-35.16752624511719
-42.23402404785156
-123.36367797851562
-72.87605285644531
-43.837711334228516
-62.85106658935547
-34.45214080810547
-109.90760040283203
-35.143699645996094
-39.068206787109375
-207.10494995117188
-35.42611312866211
-60.047760009765625
-26.271095275878906
-165.22943115234375
-54.96027755737305
-71.42296600341797
-57.853431701660156
-101.59251403808594
-32.40497589111328
-47.64655303955078
-23.00359535217285
-34.60565948486328
-55.5882453918457
-30.08677101135254
-89.06890869140625
-30.863056182861328
-36.509765625
-29.20048713684082
-43.04467010498047
-95.7652587890625
-99.09333038330078
-80.0230941772461
-24.565704345703125
-49.57378387451172
-35.0223388671875
-25.269302368164062
-124.43167114257812
-26.60805892944336
-34.395530700683594
-30.556777954101562
-40.34992980957031
-334.1844177246094
-230.98426818847656
-51.07221221923828
-27.841529846191406
-101.08613586425781
-152.04025268554688
-28.07884979248047
-60.960166931152344
-33.37812042236328
-51.228050231933594
-87.30531311035156
-55.39921188354492
-28.48480987548828
-48.488868713378906
-157.19287109375
-25.89186668395996
-55.71635055541992
-39.922271728515625
-38.34799575805664
-36.208255767822266
-177.12704467773438
-63.030128479003906
-206.5337371826172
-240.92677307128906
-70.7562484741211
-53.39716720581055
-33.647621154785156
-54.8819580078125
-71.73951721191406
-43.177398681640625
-103.62948608398438
-294.8402099609375
-54.700008392333984
-56.42436981201172
-33.111610412597656
-34.93090057373047
-41.12901306152344
-28.103164672851562
-29.24161148071289
-190.57740783691406
-38.88760757446289
-46.475990295410156
-64.99497985839844
-262.12738037109375
-206.41015625
-28.79703712463379
-67.29170227050781
-32.438079833984375
-44.632843017578125
-86.1568603515625
-42.778385162353516
-22.65821075439453
-81.06834411621094
-179.6705322265625
-26.86566925048828
-47.83100891113281
-41.6134033203125
-36.89218521118164
-56.0734748840332
-25.91876220703125
-42.178890228271484
-36.307037353515625
-56.91571044921875
-35.046756744384766
-33.85688781738281
-71.64017486572266
-104.11785888671875
-47.28436279296875
-43.89606475830078
-83.12982177734375
-30.391727447509766
-49.63639450073242
-42.49198913574219
-52.86048889160156
-51.29499053955078
-105.38259887695312
-45.14886474609375
-50.105674743652344
-63.672393798828125
-49.48192596435547
-35.21609115600586
-44.61732482910156
-59.106849670410156
-205.61610412597656
-110.02456665039062
-625.1326293945312
-41.89667510986328
-31.477336883544922
-61.030479431152344
-21.120851516723633
-43.19395446777344
-110.49834442138672
-87.07627868652344
-46.8043212890625
-124.01979064941406
-97.3879623413086
-36.3785400390625
-59.3424186706543
-32.782501220703125
-32.7862548828125
-114.05732727050781
-84.71963500976562
-34.2479362487793
-292.6398620605469
-48.226646423339844
-109.66361999511719
-32.294654846191406
-41.812564849853516
-31.144304275512695
-28.09559440612793
-151.51205444335938
-20.839065551757812
-147.11444091796875
-32.098045349121094
-23.045513153076172
-47.84513854980469
-28.94876480102539
-27.230533599853516
-37.07581329345703
-48.092735290527344
-34.687164306640625
-382.8872985839844
-30.68746566772461
-32.69757080078125
-33.6843376159668
-164.09466552734375
-36.47434616088867
-19.50912094116211
-56.30005645751953
-42.301971435546875
-50.604705810546875
-23.568038940429688
-67.1544189453125
-25.303768157958984
-58.217979431152344
-282.7275085449219
-53.63172149658203
-42.09524917602539
-33.77617263793945
-55.404014587402344
-33.141414642333984
-50.28155517578125
-26.971927642822266
-351.5677795410156
-29.46539878845215
-39.740028381347656
-31.943706512451172
-22.102951049804688
-39.524688720703125
-26.341453552246094
-71.78121948242188
-299.847412109375
-431.7090148925781
-69.89231872558594
-113.1905288696289
-41.638824462890625
-28.55731201171875
-43.187232971191406
-28.419334411621094
-24.677995681762695
-47.9235725402832
-56.30485916137695
-97.3408203125
-41.46085739135742
-56.20304870605469
-117.97411346435547
-42.567138671875
-66.3818359375
-29.097366333007812
-34.70405197143555
-29.346439361572266
-61.02641296386719
-125.53827667236328
-188.74658203125
-133.45164489746094
-60.235023498535156
-74.40804290771484
-54.614219665527344
-41.878597259521484
-29.062301635742188
-62.33959197998047
-28.920536041259766
-22.852558135986328
-81.83611297607422
-40.90537643432617
-27.10874366760254
-35.729339599609375
-34.42463684082031
-40.57334899902344
-52.643409729003906
-34.03649139404297
-24.416404724121094
-158.57455444335938
-46.40232849121094
-35.94004440307617
-39.37962341308594
-60.569820404052734
-126.91351318359375
-26.47345733642578
-85.58361053466797
-54.35032653808594
-22.14175033569336
-27.344629287719727
-71.70964813232422
-66.21168518066406
-57.298213958740234
-90.47135925292969
-28.036027908325195
-41.614871978759766
-60.68513870239258
-35.4403076171875
-306.3079833984375
-80.01756286621094
-40.827552795410156
-38.429237365722656
-33.7222900390625
-24.945716857910156
-32.29152297973633
-24.627098083496094
-86.09095764160156
-52.20132827758789
-22.942581176757812
-44.572052001953125
-80.93333435058594
-59.50659942626953
-46.53273391723633
-29.531848907470703
-45.14025115966797
-286.42523193359375
-97.50042724609375
-27.919193267822266
-37.44559860229492
-35.77268600463867
-57.84640121459961
-73.67292785644531
-42.71944808959961
-74.50836944580078
-53.46867370605469
-62.76830291748047
-34.93996047973633
-155.71939086914062
-60.36927795410156
-53.412288665771484
-52.998321533203125
-42.44829559326172
-39.04307556152344
-65.9024658203125
-20.43816375732422
-38.299842834472656
-55.67490768432617
-134.69300842285156
-82.82278442382812
-44.34477996826172
-24.82662582397461
-70.1649398803711
-91.69457244873047
-20.93497657775879
-31.02992820739746
-26.935344696044922
-55.51643753051758
-78.09358978271484
-41.614742279052734
-129.0843048095703
-338.3597106933594
-34.65503692626953
-41.679718017578125
-35.18086242675781
-78.19647216796875
-26.68234634399414
-37.71708679199219
-23.185489654541016
-50.87837600708008
-41.2403678894043
-59.275970458984375
-22.522035598754883
-89.10801696777344
-55.99684524536133
-54.302330017089844
-49.776458740234375
-47.538516998291016
-36.90283966064453
-58.20210647583008
-125.12760925292969
-30.238666534423828
-33.25697326660156
-64.27182006835938
-49.33366012573242
-38.92681121826172
-23.676450729370117
-102.19146728515625
-39.509857177734375
-65.31291198730469
-90.53195190429688
-46.56734848022461
-100.73180389404297
-28.249210357666016
-34.72115707397461
-74.44495391845703
-24.6335506439209
-46.77411651611328
-30.601295471191406
-60.633785247802734
-25.557899475097656
-80.94210815429688
-33.74165344238281
-93.76952362060547
-489.72210693359375
-36.2166748046875
-74.359130859375
-34.84777069091797
-105.84857940673828
-52.40685272216797
-54.74806213378906
-272.829833984375
-20.348133087158203
-32.589908599853516
-78.66105651855469
-48.54256820678711
-66.12435150146484
-81.46315002441406
-49.318641662597656
-46.92619323730469
-76.87150573730469
-28.439756393432617
-18.2459774017334
-30.43715476989746
-59.28778076171875
-68.18878936767578
-30.900802612304688
-46.830230712890625
-135.3665313720703
-106.09014892578125
-52.85150909423828
-33.13703155517578
-62.7318229675293
-118.79071044921875
-43.38871765136719
-42.621463775634766
-29.03546905517578
-38.38581848144531
-45.20112991333008
-29.595279693603516
-39.75870132446289
-38.69533920288086
-152.3414306640625
-72.48468017578125
-26.55435562133789
-294.59600830078125
-68.6977310180664
-216.83468627929688
-30.920867919921875
-68.32710266113281
-69.76776885986328
-35.18037796020508
-100.28939819335938
-93.2357177734375
-208.44247436523438
-22.872692108154297
-36.801727294921875
-31.300466537475586
-29.58307456970215
-135.02955627441406
-39.1660270690918
-41.697975158691406
-57.65969467163086
-142.5242462158203
-47.96061706542969
-59.54514694213867
-54.492549896240234
-73.89228820800781
-56.39021301269531
-33.42575454711914
-33.77161407470703
-213.18360900878906
-154.2601318359375
-199.11846923828125
-36.7882194519043
-35.54054260253906
-27.46320152282715
-31.700300216674805
-62.436805725097656
-41.039276123046875
-75.71310424804688
-69.85762023925781
-31.23833656311035
-35.029747009277344
-27.432483673095703
-79.5718002319336
-38.941810607910156
-26.558441162109375
-37.428253173828125
-149.74551391601562
-27.012786865234375
-47.55339050292969
-18.48089599609375
-29.333614349365234
-23.67074203491211
-29.054271697998047
-199.56134033203125
-39.85162353515625
-60.881256103515625
-35.19684600830078
-33.51310729980469
-23.35851287841797
-30.89167594909668
-59.09259033203125
-51.63893508911133
-155.1859130859375
-41.816123962402344
-49.55410385131836
-32.227447509765625
-25.12165641784668
-150.37167358398438
-159.63357543945312
-40.882930755615234
-37.536964416503906
-75.08311462402344
-44.119197845458984
-51.55584716796875
-30.0634822845459
-45.44515609741211
-137.50750732421875
-33.516666412353516
-24.584623336791992
-37.00463104248047
-53.39305877685547
-46.206787109375
-28.07892608642578
-22.696636199951172
-50.182701110839844
-41.838409423828125
-83.08860778808594
-157.42636108398438
-41.294586181640625
-31.657665252685547
-84.68582153320312
-100.05711364746094
-30.56373405456543
-21.70621681213379
-40.42192077636719
-79.86388397216797
-96.89659118652344
-32.40553283691406
-54.413673400878906
-38.105552673339844
-237.46861267089844
-419.2931213378906
-45.56122589111328
-28.147571563720703
-31.692245483398438
-64.51128387451172
-107.2266845703125
-50.396949768066406
-43.72626876831055
-115.38287353515625
-64.92302703857422
-34.33200454711914
-218.5198516845703
-27.253833770751953
-66.80772399902344
-53.55747985839844
-58.34406661987305
-56.08116149902344
-27.003448486328125
-26.32004165649414
-106.32012939453125
-53.440673828125
-36.69314956665039
-58.1973876953125
-27.03634262084961
-94.04344940185547
-98.711181640625
-40.03828430175781
-48.704689025878906
-82.281005859375
-83.7984619140625
-52.858421325683594
-60.357845306396484
-46.83112335205078
-28.87210464477539
-75.80631256103516
-31.553110122680664
-29.115623474121094
-84.01643371582031
-106.98155212402344
-24.365453720092773
-38.001258850097656
-96.77033233642578
-141.27069091796875
-86.11497497558594
-111.52804565429688
-80.00947570800781
-85.37510681152344
-24.190431594848633
-53.26388168334961
-39.53929901123047
-67.77316284179688
-62.612266540527344
-170.43788146972656
-43.29204177856445
-31.308345794677734
-77.95528411865234
-41.27687072753906
-27.57322120666504
-33.12013244628906
-28.498592376708984
-70.89456176757812
-24.029705047607422
-35.4109992980957
-40.697418212890625
-44.095184326171875
-23.189502716064453
-48.48755645751953
-61.2583122253418
-51.58511734008789
-89.27601623535156
-37.56365966796875
-23.227981567382812
-21.53453826904297
-40.48308181762695
-30.78478240966797
-218.86216735839844
-30.49205780029297
-51.098968505859375
-70.51524353027344
-69.39794921875
-49.337066650390625
-87.86857604980469
-33.1923828125
-35.384883880615234
-42.183753967285156
-53.81264114379883
-28.206565856933594
-42.88929748535156
-36.542083740234375
-34.030914306640625
-27.02277374267578
-43.84321212768555
-51.012474060058594
-36.20273208618164
-29.20768165588379
-80.49797058105469
-41.86210250854492
-42.64225769042969
-101.18540954589844
-24.480575561523438
-32.91292190551758
-24.675498962402344
-26.172306060791016
-93.13008880615234
-33.35820007324219
-59.307350158691406
-61.42644500732422
-43.82070541381836
-26.047161102294922
-31.253807067871094
-39.58690643310547
-23.19021224975586
-44.47674560546875
-137.08868408203125
-35.30787658691406
-113.59068298339844
-62.78459167480469
-51.272422790527344
-32.80829620361328
-33.39143753051758
-38.46934509277344
-35.337345123291016
-19.433080673217773
-48.962791442871094
-90.09523010253906
-61.24480438232422
-40.40070343017578
-35.61801528930664
-36.11147689819336
-22.698509216308594
-24.553573608398438
-89.68889617919922
-45.833335876464844
-130.57449340820312
-44.04185104370117
-17.748201370239258
-37.53947067260742
-84.83100128173828
-254.3814239501953
-83.74736022949219
-31.95685577392578
-51.17457962036133
-173.31015014648438
-37.653900146484375
-29.918224334716797
-31.942764282226562
-141.4257354736328
-31.251623153686523
-92.19886779785156
-49.593143463134766
-38.11064910888672
-48.103511810302734
-30.813854217529297
-56.76178741455078
-45.54330062866211
-46.46791076660156
-36.68344497680664
-28.406517028808594
-47.16373825073242
-67.81643676757812
-87.38526916503906
-34.280792236328125
-34.90903854370117
-36.82988739013672
-139.4257354736328
-31.139328002929688
-42.8897819519043
-40.07587432861328
-46.41531753540039
-88.34506225585938
-62.308570861816406
-78.13656616210938
-91.59404754638672
-50.55342102050781
-31.499969482421875
-92.49952697753906
-40.649375915527344
-42.56858444213867
-45.621337890625
-41.180442810058594
-30.275592803955078
-28.65963363647461
-36.97170639038086
-26.62389373779297
-220.3545379638672
-94.84973907470703
-86.30543518066406
-42.90584945678711
-137.2397918701172
-32.849945068359375
-41.124977111816406
-34.158809661865234
-29.20492935180664
-30.503311157226562
-28.769821166992188
-75.14814758300781
-60.89666748046875
-44.472564697265625
-61.2980842590332
-34.67167282104492
-27.624801635742188
-141.4314727783203
-128.6425018310547
-29.106903076171875
-60.96781921386719
-37.98893356323242
-73.9921875
-212.65350341796875
-82.87518310546875
-30.271652221679688
-44.903038024902344
-196.32667541503906
-77.91790771484375
-32.723358154296875
-24.75023078918457
-64.94080352783203
-35.53623962402344
-43.05750274658203
-59.65857696533203
-29.467926025390625
-41.73419189453125
-62.540130615234375
-55.17760467529297
-42.059661865234375
-23.240680694580078
-51.749080657958984
-28.62407684326172
-32.920074462890625
-27.267431259155273
-115.72740173339844
-42.69873046875
-97.94822692871094
-44.375633239746094
-166.1064453125
-217.38375854492188
-183.03890991210938
-20.908199310302734
-30.860034942626953
-57.44224548339844
-91.16395568847656
-45.89940643310547
-148.85125732421875
-41.31767654418945
-42.221092224121094
-30.15286636352539
-31.924165725708008
-68.18367004394531
-29.455535888671875
-298.3623046875
-68.20384216308594
-46.5158805847168
-36.674232482910156
-37.1515007019043
-40.80607986450195
-160.8468780517578
-56.349937438964844
-291.313232421875
-30.31011199951172
-132.5895538330078
-48.10340881347656
-107.13800048828125
-50.504295349121094
-26.599769592285156
-34.3797607421875
-23.979446411132812
-68.56062316894531
-43.3299560546875
-49.875152587890625
-44.239707946777344
-48.98481750488281
-124.72746276855469
-43.95854568481445
-38.47836685180664
-92.51411437988281
-44.80315399169922
-86.7500228881836
-32.586063385009766
-30.986906051635742
-95.28738403320312
-64.00498962402344
-46.551597595214844
-30.599695205688477
-33.8336181640625
-159.80047607421875
-43.94755554199219
-46.3009147644043
-40.06584167480469
-175.7438507080078
-71.07785034179688
-30.293907165527344
-214.0946044921875
-25.405454635620117
-35.850669860839844
-43.525848388671875
-32.31463623046875
-47.94049835205078
-23.29927635192871
-115.4217758178711
-41.80044174194336
-29.773326873779297
-58.271812438964844
-56.05058288574219
-30.190746307373047
-48.18194580078125
-42.34638977050781
-93.74639892578125
-31.642688751220703
-2031.5494384765625
-97.54017639160156
-156.29006958007812
-31.71744155883789
-45.546932220458984
-211.89385986328125
-24.515623092651367
-54.493919372558594
-57.19339370727539
-60.45772933959961
-31.535255432128906
-62.44739532470703
-32.017826080322266
-64.6196517944336
-84.81057739257812
-221.67855834960938
-40.541805267333984
-30.1131649017334
-44.29533386230469
-46.61199188232422
-86.3219985961914
-62.32170104980469
-46.901458740234375
-24.748886108398438
-32.4705924987793
-29.801227569580078
-28.571311950683594
-32.27476501464844
-35.03850555419922
-40.43048095703125
-30.147735595703125
-38.29466247558594
-52.218017578125
-75.13627624511719
-29.89916229248047
-28.487686157226562
-79.42793273925781
-419.8826599121094
-70.15553283691406
-86.59982299804688
-64.70516204833984
-52.81166076660156
-163.454833984375
-36.060123443603516
-31.8432559967041
-31.86759376525879
-48.12306213378906
-163.79678344726562
-41.467918395996094
-61.626060485839844
-37.892024993896484
-48.295997619628906
-252.2894744873047
-47.459808349609375
-26.166099548339844
-47.50739288330078
-30.327869415283203
-31.570934295654297
-42.0932502746582
-83.99652099609375
-38.44269561767578
-72.29191589355469
-191.54864501953125
-110.63555145263672
-163.8925323486328
-18.618270874023438
-27.6301326751709
-99.14222717285156
-54.922576904296875
-41.682777404785156
-26.670284271240234
-67.65010070800781
-35.21232986450195
-26.69009780883789
-37.03820037841797
-42.554473876953125
-85.11233520507812
-64.35845947265625
-41.970916748046875
-163.38619995117188
-145.27706909179688
-44.27220153808594
-49.66312026977539
-195.59432983398438
-58.100730895996094
-93.63688659667969
-53.858795166015625
-104.98725891113281
-74.11163330078125
-83.23118591308594
-57.665122985839844
-39.38849639892578
-42.1496696472168
-53.688018798828125
-51.536529541015625
-30.63456153869629
-105.2389144897461
-57.81572341918945
-62.955543518066406
-58.95492172241211
-103.07723999023438
-64.60204315185547
-31.750885009765625
-101.42597961425781
-268.058837890625
-66.70063781738281
-99.01314544677734
-147.08726501464844
-49.00324249267578
-147.5292205810547
-35.626678466796875
-93.17386627197266
-25.565025329589844
-43.66184616088867
-26.581249237060547
-45.47383117675781
-24.49189567565918
-214.38552856445312
-49.3126106262207
-28.181650161743164
-29.241445541381836
-73.30188751220703
-26.888277053833008
-20.72298240661621
-34.02455139160156
-28.97652816772461
-286.57891845703125
-69.26773834228516
-144.2291259765625
-33.11855697631836
-107.63362884521484
-93.76319122314453
-113.447998046875
-64.10498809814453
-88.31865692138672
-30.68532943725586
-123.03094482421875
-34.58842086791992
-53.05137634277344
-156.6390380859375
-88.1873779296875
-161.70883178710938
-35.48699188232422
-178.1543426513672
-44.913475036621094
-127.3621826171875
-50.33120346069336
-97.13508605957031
-224.0875244140625
-67.49787139892578
-90.21038818359375
-111.12869262695312
-31.97991371154785
-119.22456359863281
-34.537044525146484
-66.00824737548828
-34.70286560058594
-23.12368392944336
-88.12202453613281
-111.40493774414062
-62.977752685546875
-38.678627014160156
-33.67412567138672
-36.49095153808594
-36.443355560302734
-34.958168029785156
-29.56610679626465
-30.544919967651367
-24.65616798400879
-98.9337158203125
-53.13300323486328
-47.34627914428711
-78.73614501953125
-178.54727172851562
-66.69022369384766
-35.282169342041016
-240.60964965820312
-37.64659118652344
-22.400028228759766
-35.19874954223633
-25.96436309814453
-76.44143676757812
-43.45122146606445
-30.54483985900879
-34.56612777709961
-32.433109283447266
-55.28581619262695
-52.87803649902344
-56.901039123535156
-263.2862243652344
-122.53532409667969
-78.9481201171875
-35.55818557739258
-20.880149841308594
-30.663711547851562
-143.31222534179688
-31.40055274963379
-33.52296447753906
-38.7271728515625
-31.662250518798828
-34.72315216064453
-23.188322067260742
-38.34471893310547
-23.027162551879883
-42.774253845214844
-62.97889709472656
-54.93024444580078
-34.20026397705078
-68.73207092285156
-31.283222198486328
-24.607351303100586
-52.590911865234375
-138.72384643554688
-905.3862915039062
-93.55636596679688
-132.234375
-104.76131439208984
-50.955684661865234
-99.08309936523438
-33.48685073852539
-29.912670135498047
-31.249343872070312
-70.48836517333984
-43.202613830566406
-362.3437194824219
-123.04730987548828
-41.38789367675781
-39.67369079589844
-32.1595458984375
-70.18098449707031
-44.51179122924805
-69.99359130859375
-51.29457092285156
-46.24732208251953
-44.87117004394531
-55.67337417602539
-53.57093048095703
-55.01887512207031
-169.22830200195312
-22.318965911865234
-56.43342590332031
-157.70286560058594
-92.3076171875
-191.22044372558594
-58.46287155151367
-37.25492477416992
-41.35506057739258
-34.268341064453125
-25.805028915405273
-42.551124572753906
-89.54544067382812
-38.566505432128906
-97.72943115234375
-49.41419982910156
-162.63856506347656
-101.36090087890625
-104.58647155761719
-148.16867065429688
-37.003807067871094
-45.15521240234375
-50.521636962890625
-400.7135314941406
-39.129947662353516
-88.43274688720703
-149.30380249023438
-113.47041320800781
-35.41357421875
-28.410505294799805
-87.91230773925781
-131.6493682861328
-71.71525573730469
-49.88078308105469
-33.868839263916016
-42.93054962158203
-102.8389892578125
-331.19873046875
-70.91324615478516
-129.26791381835938
-121.4803466796875
-62.361637115478516
-85.693359375
-46.478904724121094
-122.75712585449219
-68.13969421386719
-53.01678466796875
-41.07386779785156
-216.20655822753906
-53.419334411621094
-62.68049240112305
-44.59586715698242
-242.1153564453125
-51.50456237792969
-144.23414611816406
-69.78384399414062
-41.241455078125
-50.54246139526367
-36.056575775146484
-37.302513122558594
-200.6552276611328
-62.71878433227539
-150.8657684326172
-50.86498260498047
-31.141876220703125
-65.19715881347656
-108.236083984375
-167.72845458984375
-91.15479278564453
-92.86642456054688
-96.17938232421875
-36.94889831542969
-48.39176940917969
-82.29960632324219
-37.879356384277344
-195.98309326171875
-77.15958404541016
-33.460853576660156
-87.3604736328125
-209.49668884277344
-88.49777221679688
-145.78912353515625
-68.95972442626953
-40.730682373046875
-190.00802612304688
-103.3707504272461
-36.644500732421875
-63.2650146484375
-62.93688201904297
-50.325103759765625
-32.195159912109375
-56.22050476074219
-48.88573455810547
-45.17499542236328
-90.81147766113281
-85.42459106445312
-47.34238815307617
-85.68330383300781
-100.96060180664062
-41.5350456237793
-212.68850708007812
-57.40111541748047
-43.179718017578125
-45.968421936035156
-101.51339721679688
-33.23287582397461
-65.427978515625
-34.477413177490234
-55.14564514160156
-38.674285888671875
-101.91487121582031
-170.96620178222656
-43.350807189941406
-42.75133514404297
-70.4036636352539
-54.89523696899414
-42.30561447143555
-59.73020553588867
-54.255977630615234
-23.25950050354004
-41.04065704345703
-41.329132080078125
-31.819896697998047
-48.145328521728516
-36.07960510253906
-496.0015563964844
-25.16687774658203
-59.10773849487305
-179.78518676757812
-47.716957092285156
-314.1669006347656
-40.74504852294922
-157.90570068359375
-46.318603515625
-58.48865509033203
-64.42021179199219
-230.88619995117188
-34.88302993774414
-36.01601791381836
-42.320777893066406
-36.3045539855957
-134.3023223876953
-46.3270149230957
-51.368717193603516
-84.17713928222656
-49.30858612060547
-51.89374542236328
-389.04290771484375
-63.92673873901367
-33.70733642578125
-44.00857162475586
-168.24131774902344
-89.1099624633789
-329.43585205078125
-52.37843704223633
-60.276607513427734
-112.9453125
-31.63980484008789
-38.45026397705078
-35.87419891357422
-480.09381103515625
-155.42416381835938
-77.19572448730469
-45.164634704589844
-81.43087005615234
-50.105037689208984
-52.21324920654297
-49.30724334716797
-54.499176025390625
-161.00784301757812
-922.0700073242188
-169.304443359375
-61.600494384765625
-93.08843994140625
-52.998939514160156
-38.11518096923828
-34.98644256591797
-40.20655822753906
-44.425201416015625
-45.86808776855469
-46.263206481933594
-152.34561157226562
-72.89897155761719
-110.45417785644531
-40.44355773925781
-47.76223373413086
-82.97848510742188
-90.77831268310547
-81.087890625
-30.466798782348633
-42.56084442138672
-147.69772338867188
-96.93327331542969
-98.8138427734375
-87.6788558959961
-48.163326263427734
-36.06965637207031
-45.53514862060547
-34.90289306640625
-103.20298767089844
-58.53572463989258
-44.66008758544922
-186.497314453125
-285.614990234375
-95.96583557128906
-67.73257446289062
-55.97655487060547
-87.63861846923828
-26.60072898864746
-57.36574935913086
-29.51533317565918
-117.04255676269531
-230.88787841796875
-38.269107818603516
-48.06822967529297
-40.88478469848633
-326.0595703125
-72.70513153076172
-48.76226806640625
-432.3329162597656
-49.84359359741211
-34.925270080566406
-38.79621887207031
-86.84664916992188
-36.599456787109375
-39.68787384033203
-99.65589904785156
-55.389625549316406
-270.5287170410156
-394.6894226074219
-31.346961975097656
-459.9648742675781
-69.74342346191406
-43.54712677001953
-77.33990478515625
-158.12081909179688
-26.884815216064453
-31.405487060546875
-104.12966918945312
-72.278076171875
-61.16923522949219
-113.98872375488281
-53.875457763671875
-81.98356628417969
-90.6568832397461
-117.0754623413086
-117.18901062011719
-47.95658493041992
-35.07122802734375
-207.30490112304688
-131.2859649658203
-55.124847412109375
-69.01084899902344
-86.1436996459961
-28.697418212890625
-61.11695861816406
-39.63072967529297
-31.341522216796875
-73.92471313476562
-59.82600021362305
-40.032386779785156
-38.267189025878906
-64.75834655761719
-39.29203796386719
-43.95130920410156
-143.32754516601562
-31.768091201782227
-99.53600311279297
-49.990596771240234
-186.4020233154297
-36.1703987121582
-149.24395751953125
-35.493568420410156
-89.3192138671875
-150.21792602539062
-68.98837280273438
-37.854434967041016
-48.21399688720703
-32.435569763183594
-99.61278533935547
-190.69073486328125
-106.37223052978516
-35.745235443115234
-28.940149307250977
-34.19938659667969
-40.89572525024414
-53.21656799316406
-56.4363899230957
-88.29950714111328
-39.748653411865234
-93.35066223144531
-35.82227325439453
-37.122039794921875
-107.97601318359375
-211.93902587890625
-167.83773803710938
-77.5797119140625
-53.090736389160156
-43.72407531738281
-96.403076171875
-153.42807006835938
-49.490631103515625
-115.02262115478516
-35.89310073852539
-183.39788818359375
-79.42372131347656
-32.64784622192383
-82.8656005859375
-42.41886901855469
-35.3304557800293
-42.17510986328125
-66.14930725097656
-58.63369369506836
-28.993759155273438
-51.110694885253906
-69.63526153564453
-154.9068603515625
-42.16542053222656
-108.00707244873047
-57.580814361572266
-43.573974609375
-59.090572357177734
-74.36511993408203
-162.52261352539062
-109.24848937988281
-68.65534973144531
-94.50779724121094
-130.7357177734375
-62.16527557373047
-68.57148742675781
-51.94515609741211
-39.884517669677734
-116.95646667480469
-45.148197174072266
-108.18559265136719
-39.630653381347656
-38.89058303833008
-30.334278106689453
-52.29391098022461
-86.40711975097656
-65.37342834472656
-38.07935333251953
-106.25164794921875
-58.20768356323242
-66.47191619873047
-2181.83935546875
-772.8089599609375
-274.42822265625
-55.43390655517578
-50.454490661621094
-52.15275573730469
-38.0909538269043
-31.794864654541016
-40.757080078125
-32.422119140625
-35.78358459472656
-48.630428314208984
-50.072566986083984
-70.98160552978516
-93.93321228027344
-102.04054260253906
-61.461246490478516
-58.21467208862305
-71.65259552001953
-58.44910430908203
-36.899169921875
-116.84646606445312
-193.75222778320312
-35.267459869384766
-81.2617416381836
-36.84184646606445
-53.2275390625
-36.246185302734375
-39.18207931518555
-40.04621124267578
-37.70787048339844
-48.174930572509766
-566.2074584960938
-127.24308776855469
-76.97650146484375
-137.2382354736328
-175.03427124023438
-49.90951156616211
-59.46455764770508
-23.834949493408203
-48.5122184753418
-47.81623077392578
-26.870086669921875
-29.35178565979004
-1399.4000244140625
-86.5289077758789
-24.011188507080078
-119.27727508544922
-29.596908569335938
-500.20672607421875
-34.99798583984375
-41.698570251464844
-34.366661071777344
-50.9668083190918
-118.49156188964844
-73.11055755615234
-43.352508544921875
-55.10316848754883
-28.947965621948242
-84.48136901855469
-142.313232421875
-174.99282836914062
-68.29540252685547
-56.371307373046875
-131.44654846191406
-47.43117904663086
-104.69526672363281
-131.44027709960938
-75.77517700195312
-64.74407958984375
-158.24774169921875
-52.781490325927734
-37.30474090576172
-72.37024688720703
-46.98029327392578
-36.18822479248047
-32.25770568847656
-33.51564025878906
-41.40080261230469
-63.144500732421875
-44.16184997558594
-1101.603515625
-45.2662353515625
-70.07200622558594
-29.577634811401367
-3784.40625
-101.45254516601562
-85.50270080566406
-33.8171501159668
-31.672311782836914
-38.51660919189453
-60.39118194580078
-215.65597534179688
-106.38248443603516
-131.18710327148438
-43.17647933959961
-73.72818756103516
-38.63991165161133
-80.89306640625
-22.35831069946289
-43.590087890625
-28.55324363708496
-49.876976013183594
-39.72234344482422
-43.46687316894531
-135.98516845703125
-94.9383544921875
-41.20693588256836
-54.46943283081055
-29.729272842407227
-52.3768310546875
-138.8057861328125
-34.242000579833984
-27.589736938476562
-236.70167541503906
-105.25252532958984
-46.70484924316406
-44.021568298339844
-406.82330322265625
-91.75559997558594
-150.6014404296875
-192.5926055908203
-44.44786834716797
-33.71552276611328
-119.0400619506836
-33.735267639160156
-40.90214920043945
-53.919830322265625
-134.61053466796875
-104.68576049804688
-58.39086151123047
-218.989990234375
-47.772926330566406
-67.47923278808594
-33.587162017822266
-45.65928649902344
-49.317935943603516
-47.03190231323242
-68.19341278076172
-37.84740447998047
-104.7712631225586
-404.09698486328125
-72.50088500976562
-46.06821823120117
-104.90460968017578
-156.18350219726562
-26.638704299926758
-178.7368927001953
-107.70258331298828
-53.60346984863281
-51.453521728515625
-40.00531005859375
-44.67375183105469
-56.65666580200195
-38.74972915649414
-40.12556457519531
-71.18917846679688
-36.121559143066406
-45.89754867553711
-45.04402542114258
-31.695701599121094
-72.80989837646484
-24.902496337890625
-53.42911911010742
-44.91553497314453
-29.597980499267578
-62.38002395629883
-120.95597839355469
-40.79839324951172
-41.90504455566406
-24.92809295654297
-532.0248413085938
-32.412864685058594
-59.860557556152344
-37.17829895019531
-133.38897705078125
-48.20478820800781
-79.63461303710938
-121.13653564453125
-66.3354263305664
-34.2561149597168
-35.84843826293945
-62.95982360839844
-192.1513671875
-41.137699127197266
-33.04310607910156
-60.982139587402344
-29.861543655395508
-37.897518157958984
-857.121826171875
-91.67501831054688
-33.820457458496094
-112.67643737792969
-30.4368839263916
-28.1022891998291
-62.71152877807617
-30.287757873535156
-70.61009216308594
-70.76557159423828
-63.546730041503906
-130.9871063232422
-43.107723236083984
-41.0589485168457
-71.93965148925781
-40.517242431640625
-67.55155181884766
-90.36372375488281
-42.06169128417969
-85.03343200683594
-59.64042663574219
-109.11250305175781
-78.8026351928711
-90.401611328125
-127.4616928100586
-160.78744506835938
-29.135467529296875
-40.03821563720703
-281.4345703125
-60.40801239013672
-542.8338623046875
-37.2420654296875
-118.79488372802734
-70.76434326171875
-57.075172424316406
-221.82740783691406
-40.47339630126953
-41.22894287109375
-34.82068634033203
-129.28494262695312
-31.438491821289062
-81.71649169921875
-34.19723129272461
-35.91020202636719
-31.984905242919922
-25.719818115234375
-122.59187316894531
-37.12468719482422
-53.70721435546875
-73.65750122070312
-105.24027252197266
-27.728273391723633
-64.53324890136719
-79.78785705566406
-64.62694549560547
-56.69249725341797
-39.53184509277344
-162.08595275878906
-76.70199584960938
-45.3580322265625
-31.041179656982422
-60.98948669433594
-128.03140258789062
-134.40109252929688
-39.83463668823242
-25.58584213256836
-189.21250915527344
-70.55643463134766
-71.18284606933594
-82.02664184570312
-33.39860153198242
-1152.593505859375
-42.32715606689453
-64.78520965576172
-64.7978744506836
-43.428253173828125
-100.77902221679688
-26.345706939697266
-192.9248046875
-72.2159423828125
-39.99821472167969
-36.151588439941406
-30.016517639160156
-45.589576721191406
-168.75257873535156
-63.5316162109375
-35.90519332885742
-47.175697326660156
-34.53083038330078
-111.3678207397461
-40.70118713378906
-26.235382080078125
-32.228294372558594
-52.1579704284668
-37.754249572753906
-136.2265167236328
-49.62226104736328
-33.8465690612793
-159.88818359375
-105.48678588867188
-68.47665405273438
-92.51811218261719
-33.19841003417969
-96.56655883789062
-56.62075424194336
-28.95081901550293
-299.7100830078125
-37.158138275146484
-42.06630325317383
-110.25460052490234
-65.25831604003906
-33.497188568115234
-141.7942352294922
-118.80387878417969
-96.3145980834961
-60.35740280151367
-31.88684844970703
-33.01031494140625
-45.19795608520508
-42.40950012207031
-69.6968002319336
-67.19482421875
-53.6047477722168
-228.83648681640625
-44.718536376953125
-44.93173599243164
-64.18611145019531
-59.63550567626953
-55.73374557495117
-56.616817474365234
-42.25764465332031
-328.2088623046875
-67.81462097167969
-81.5074691772461
-184.0157012939453
-22.93227767944336
-40.510963439941406
-42.86530303955078
-42.87302780151367
-40.006324768066406
-55.62042999267578
-44.58670425415039
-92.73571014404297
-65.2247314453125
-116.05015563964844
-54.93600845336914
-50.778167724609375
-32.31560516357422
-42.6507568359375
-45.84244155883789
-34.74782180786133
-128.39938354492188
-29.417160034179688
-90.60606384277344
-68.78929138183594
-732.79052734375
-95.41165924072266
-150.01559448242188
-119.70681762695312
-34.96031188964844
-51.83887481689453
-703.5672607421875
-36.29697036743164
-139.04173278808594
-76.49594116210938
-21.68816375732422
-89.42890930175781
-44.96350860595703
-129.72003173828125
-36.77214813232422
-54.918880462646484
-43.09662628173828
-30.394752502441406
-38.44989776611328
-279.89453125
-108.48097229003906
-76.68122100830078
-41.768310546875
-166.62245178222656
-26.782360076904297
-34.711917877197266
-46.67973327636719
-114.14498901367188
-47.10661697387695
-43.46885681152344
-38.614097595214844
-35.72043228149414
-30.926607131958008
-101.43877410888672
-190.1614532470703
-33.225807189941406
-347.1883544921875
-183.00253295898438
-93.21259307861328
-32.251739501953125
-372.56048583984375
-113.98683166503906
-56.11717224121094
-54.16288375854492
-81.19541931152344
-40.83219909667969
-31.7469482421875
-670.8760986328125
-78.7479476928711
-94.20122528076172
-37.20101547241211
-82.78572082519531
-70.02975463867188
-102.28941345214844
-607.5567626953125
-42.77096939086914
-43.362998962402344
-87.63336944580078
-60.79143142700195
-95.40309143066406
-39.88398742675781
-64.85906982421875
-32.18574142456055
-113.62258911132812
-33.23928451538086
-233.71897888183594
-45.00397491455078
-61.503135681152344
-47.864288330078125
-48.976318359375
-98.66061401367188
-110.96824645996094
-77.27527618408203
-72.423583984375
-57.28155517578125
-341.83343505859375
-257.38818359375
-232.50103759765625
-58.12232971191406
-151.07997131347656
-51.377445220947266
-32.97459411621094
-66.19851684570312
-131.2147979736328
-62.294517517089844
-175.43060302734375
-47.99493408203125
-103.80681610107422
-55.399497985839844
-197.6102752685547
-177.642578125
-34.234676361083984
-85.76461029052734
-36.14337158203125
-82.7574462890625
-94.37545013427734
-110.53596496582031
-69.39292907714844
-62.08021926879883
-671.2449951171875
-39.836883544921875
-34.912418365478516
-81.66736602783203
-217.5701904296875
-44.78462219238281
-56.02781295776367
-69.16122436523438
-39.33102798461914
-119.52442932128906
-37.3859977722168
-81.27182006835938
-100.09146118164062
-62.49115753173828
-44.236534118652344
-242.02450561523438
-75.98198699951172
-109.00627136230469
-77.89976501464844
-57.48731994628906
-81.12556457519531
-205.11984252929688
-21.46066665649414
-76.9869384765625
-202.5636444091797
-42.492305755615234
-88.36637115478516
-149.4161376953125
-100.12998962402344
-52.96907043457031
-33.435245513916016
-120.67112731933594
-56.47381591796875
-105.76356506347656
-49.59979248046875
-72.44123077392578
-46.30677032470703
-71.88066101074219
-407.4959411621094
-107.64574432373047
-29.55545425415039
-208.20814514160156
-82.0353775024414
-34.29481887817383
-82.98490905761719
-37.11970138549805
-38.00392150878906
-120.0484619140625
-69.14852905273438
-102.7636489868164
-86.7959976196289
-93.29246520996094
-43.898067474365234
-38.492855072021484
-40.10463333129883
-54.30438232421875
-32.452606201171875
-39.333831787109375
-25.092702865600586
-51.29768371582031
-120.67735290527344
-79.1214828491211
-161.22216796875
-46.11918640136719
-91.98926544189453
-38.08229064941406
-204.66604614257812
-31.065385818481445
-34.79618835449219
-77.29010009765625
-35.83509826660156
-59.160316467285156
-46.423797607421875
-104.0145263671875
-41.2860107421875
-55.1346549987793
-39.62158203125
-138.27243041992188
-51.486289978027344
-28.28805160522461
-96.42584228515625
-39.57570266723633
-107.22735595703125
-546.0056762695312
-78.16133880615234
-49.177303314208984
-410.26446533203125
-52.77812957763672
-43.424827575683594
-31.84540557861328
-32.971656799316406
-23.758724212646484
-110.81365966796875
-93.20352172851562
-28.673683166503906
-39.4827880859375
-41.63795852661133
-105.79058837890625
-84.26718139648438
-57.11783981323242
-216.69430541992188
-199.6432342529297
-54.641563415527344
-103.12030792236328
-111.14810180664062
-50.389305114746094
-146.96865844726562
-66.05008697509766
-23.78822135925293
-67.16345977783203
-84.72212219238281
-43.715423583984375
-64.99658203125
-37.23317337036133
-32.36604690551758
-68.15587615966797
-45.19043731689453
-1260.05517578125
-121.38655853271484
-44.25516128540039
-183.74525451660156
-151.85874938964844
-40.363521575927734
-107.11190795898438
-165.3914794921875
-48.90107345581055
-50.62858581542969
-60.34882354736328
-57.2907600402832
-55.55047607421875
-134.9937744140625
-79.94940185546875
-54.32600402832031
-45.0826301574707
-41.17654800415039
-36.59805679321289
-32.855369567871094
-157.9073486328125
-20.95848274230957
-67.0022201538086
-78.11045837402344
-56.08628845214844
-77.61747741699219
-53.54761505126953
-140.94419860839844
-91.30677795410156
-40.95478820800781
-158.59173583984375
-84.29255676269531
-91.43168640136719
-72.10450744628906
-42.437381744384766
-58.61395263671875
-41.26272964477539
-46.834075927734375
-48.560630798339844
-44.233177185058594
-37.51321792602539
-36.153873443603516
-52.92475128173828
-39.48400115966797
-42.52608871459961
-109.19824981689453
-65.50016021728516
-71.29783630371094
-33.1723747253418
-97.26335144042969
-44.96763610839844
-26.461872100830078
-33.468116760253906
-733.8347778320312
-31.412364959716797
-48.99493408203125
-99.66329193115234
-93.4345703125
-43.38396453857422
-127.57994842529297
-45.30695343017578
-35.395729064941406
-35.576515197753906
-50.1177864074707
-108.7135238647461
-27.689586639404297
-47.56814956665039
-109.85440063476562
-151.34451293945312
-40.246063232421875
-42.91912078857422
-76.47116088867188
-38.505619049072266
-41.251731872558594
-26.668603897094727
-31.555328369140625
-41.6398811340332
-38.70109558105469
-119.30209350585938
-120.26130676269531
-220.7583465576172
-343.7377624511719
-35.78217315673828
-71.45590209960938
-119.48958587646484
-59.35065841674805
-40.38140869140625
-24.878597259521484
-35.385826110839844
-191.9668731689453
-76.98158264160156
-217.72207641601562
-130.82308959960938
-45.98825454711914
-59.76841354370117
-84.35444641113281
-35.71820831298828
-40.76904296875
-40.423133850097656
-222.802001953125
-84.17146301269531
-59.01512908935547
-290.71075439453125
-27.60262680053711
-37.66486358642578
-37.82855224609375
-37.90581130981445
-90.86824035644531
-42.06874465942383
-60.31817626953125
-32.50191116333008
-26.553436279296875
-38.502384185791016
-128.75949096679688
-103.82669067382812
-47.983245849609375
-48.77384948730469
-24.129812240600586
-656.4964599609375
-38.06532287597656
-26.68563461303711
-40.790061950683594
-167.8076629638672
-47.26359176635742
-92.11002349853516
-42.815547943115234
-32.87286376953125
-38.027862548828125
-77.82889556884766
-39.16585159301758
-55.38551330566406
-57.38908767700195
-34.312076568603516
-60.040279388427734
-119.70808410644531
-40.17934036254883
-80.97470092773438
-52.20232009887695
-80.8935546875
-75.63528442382812
-72.78128051757812
-70.05133056640625
-40.630088806152344
-35.14789581298828
-34.83033752441406
-143.12496948242188
-33.14790344238281
-41.2139892578125
-257.29620361328125
-31.7103214263916
-221.1731719970703
-36.6559944152832
-171.26303100585938
-387.7493896484375
-309.1513977050781
-43.12275314331055
-102.68406677246094
-34.72834014892578
-663.2174072265625
-35.695098876953125
-57.550315856933594
-59.275245666503906
-25.65751838684082
-46.43201446533203
-38.43439865112305
-98.72969055175781
-60.84588623046875
-63.86028289794922
-65.65936279296875
-63.881866455078125
-237.82278442382812
-24.463340759277344
-75.03382873535156
-31.900407791137695
-71.7871322631836
-45.74872589111328
-41.81395721435547
-161.55899047851562
-165.607666015625
-187.48080444335938
-410.3072204589844
-108.40210723876953
-37.76402282714844
-43.54878234863281
-37.59059143066406
-28.946067810058594
-33.49528121948242
-52.211448669433594
-224.3566436767578
-43.593536376953125
-59.807456970214844
-38.248558044433594
-70.19328308105469
-65.24935913085938
-50.405181884765625
-277.78240966796875
-80.90837097167969
-34.44112777709961
-238.87301635742188
-53.278770446777344
-26.74517822265625
-127.15281677246094
-96.6946792602539
-64.01112365722656
-170.90853881835938
-68.9085464477539
-73.47518157958984
-119.60498809814453
-94.97681427001953
-30.324161529541016
-32.00483703613281
-185.8058624267578
-36.167457580566406
-42.57429885864258
-103.72169494628906
-33.231781005859375
-82.51860046386719
-46.41309356689453
-89.3324966430664
-27.81332778930664
-40.69559860229492
-89.11197662353516
-81.83988952636719
-89.21755981445312
-47.112518310546875
-37.426780700683594
-27.891475677490234
-43.65814971923828
-152.7138214111328
-102.12557983398438
-85.0439453125
-65.54788208007812
-80.92070770263672
-32.18669509887695
-71.29457092285156
-57.06494903564453
-76.74372863769531
-58.649654388427734
-35.070716857910156
-1369.3541259765625
-163.93321228027344
-91.2991943359375
-39.05561828613281
-35.634456634521484
-47.43830108642578
-38.306304931640625
-74.18630981445312
-280.6526184082031
-54.88778305053711
-109.38668823242188
-40.10547637939453
-37.722869873046875
-47.30681610107422
-44.61056137084961
-36.08620834350586
-50.03154754638672
-92.49012756347656
-59.42013931274414
-70.50021362304688
-92.34861755371094
-76.84475708007812
-43.13992691040039
-59.90764236450195
-66.92888641357422
-65.71202850341797
-42.67204284667969
-40.560302734375
-27.941959381103516
-180.0604705810547
-76.92233276367188
-57.80025863647461
-48.804073333740234
-228.170654296875
-66.00145721435547
-32.30078887939453
-311.5104064941406
-87.68807983398438
-28.933914184570312
-274.55364990234375
-57.927642822265625
-35.91044998168945
-49.92926788330078
-57.56383514404297
-76.9829330444336
-57.4844970703125
-49.51467514038086
-110.7319107055664
-232.7472686767578
-44.69475555419922
-238.06423950195312
-35.426544189453125
-68.00303649902344
-28.226093292236328
-38.11061477661133
-51.69257736206055
-39.33460235595703
-44.00646209716797
-53.82575988769531
-133.23095703125
