-166.5176239013672
-209.2875518798828
-216.029052734375
-338.0901184082031
-780.651123046875
-252.804443359375
-529.2947998046875
-222.7965545654297
-296.17791748046875
-257.0345764160156
-187.57626342773438
-163.6299285888672
-293.61077880859375
-244.79473876953125
-162.271484375
-116.52804565429688
-83.72936248779297
-437.0599670410156
-191.0174560546875
-111.24188232421875
-204.71742248535156
-359.3848876953125
-349.26171875
-184.33958435058594
-264.7002868652344
-134.3818359375
-154.6817626953125
-93.48907470703125
-123.41682434082031
-133.6644744873047
-1300.22119140625
-428.606689453125
-313.92266845703125
-542.759765625
-249.4895782470703
-232.89846801757812
-297.66827392578125
-280.2970886230469
-396.9342956542969
-135.37289428710938
-102.08226013183594
-285.72607421875
-134.85140991210938
-140.02798461914062
-191.30227661132812
-326.5943603515625
-114.16215515136719
-241.7827911376953
-97.94161987304688
-106.25579833984375
-232.0447235107422
-98.16558074951172
-324.98333740234375
-383.9100036621094
-191.2869110107422
-1206.2471923828125
-1175.81591796875
-976.6080932617188
-136.11329650878906
-838.0122680664062
-97.1432113647461
-856.77099609375
-583.5673217773438
-351.97296142578125
-364.0985107421875
-277.3190612792969
-274.93060302734375
-658.0650634765625
-148.5460205078125
-873.4176025390625
-443.1884765625
-94.36734008789062
-140.60084533691406
-139.19070434570312
-310.02734375
-140.65771484375
-116.6527328491211
-632.0409545898438
-266.089111328125
-372.2446594238281
-135.4881591796875
-87.7788314819336
-125.83058166503906
-120.26712036132812
-95.06015014648438
-76.06536865234375
-93.03248596191406
-82.77096557617188
-776.2603759765625
-591.1202392578125
-75.42119598388672
-124.64988708496094
-121.71937561035156
-110.80902099609375
-104.67554473876953
-109.89961242675781
-106.23774719238281
-159.42652893066406
-103.44967651367188
-107.85592651367188
-349.3175048828125
-252.91006469726562
-99.56039428710938
-224.29901123046875
-98.2082290649414
-97.75759887695312
-170.30471801757812
-167.69517517089844
-192.59841918945312
-93.68379974365234
-548.8063354492188
-239.10000610351562
-295.50689697265625
-83.08955383300781
-112.09207153320312
-147.18533325195312
-366.8733825683594
-94.40424346923828
-97.5970687866211
-176.83840942382812
-376.04034423828125
-90.94120788574219
-120.12419891357422
-439.37725830078125
-127.63851928710938
-142.76258850097656
-92.39031982421875
-1293.6058349609375
-914.938232421875
-108.23439025878906
-222.96524047851562
-155.12490844726562
-224.29037475585938
-181.9376220703125
-225.785888671875
-136.282470703125
-107.52869415283203
-113.33175659179688
-140.04193115234375
-135.12962341308594
-500.9421691894531
-123.77654266357422
-198.2877960205078
-240.53558349609375
-319.5372619628906
-100.32911682128906
-209.2190704345703
-359.03240966796875
-99.14810180664062
-320.3245544433594
-140.57974243164062
-141.43814086914062
-105.29906463623047
-138.113525390625
-107.13380432128906
-696.3319702148438
-238.93447875976562
-279.48809814453125
-268.3746032714844
-282.1392822265625
-190.2875518798828
-97.78070068359375
-109.544921875
-813.628662109375
-139.8116912841797
-140.39999389648438
-94.50241088867188
-121.17070007324219
-126.16875457763672
-163.48406982421875
-95.53593444824219
-164.83888244628906
-375.69635009765625
-151.79151916503906
-248.5203094482422
-224.111083984375
-191.67100524902344
-220.54434204101562
-86.96192169189453
-154.05706787109375
-180.64230346679688
-114.43135070800781
-206.1766357421875
-125.7794189453125
-156.24420166015625
-125.80323028564453
-72.73536682128906
-224.4652099609375
-152.60989379882812
-96.81890106201172
-141.58702087402344
-125.93565368652344
-403.08453369140625
-172.7230682373047
-81.66024780273438
-88.22138977050781
-91.45587158203125
-89.02728271484375
-90.2718505859375
-197.7422637939453
-255.73008728027344
-108.63391876220703
-188.51211547851562
-112.54955291748047
-170.3787384033203
-131.60726928710938
-96.94152069091797
-286.4366149902344
-622.0997314453125
-276.06768798828125
-144.4459228515625
-91.25135803222656
-124.63771057128906
-310.87896728515625
-107.91119384765625
-198.78453063964844
-241.2430877685547
-267.3914794921875
-167.52996826171875
-88.96844482421875
-154.156494140625
-337.6936340332031
-114.79144287109375
-118.55440521240234
-173.53196716308594
-119.95927429199219
-134.27821350097656
-139.42855834960938
-91.54586029052734
-126.87564086914062
-328.4947814941406
-241.44454956054688
-494.1703796386719
-141.79086303710938
-225.22093200683594
-194.89035034179688
-314.9349670410156
-224.68280029296875
-211.03201293945312
-192.04391479492188
-292.99169921875
-531.40380859375
-566.8057250976562
-2162.2724609375
-268.2952880859375
-181.66104125976562
-452.64886474609375
-428.15301513671875
-237.58905029296875
-105.96302795410156
-119.48649597167969
-254.00445556640625
-134.3453369140625
-223.89498901367188
-141.21212768554688
-168.65045166015625
-346.8370056152344
-325.818359375
-365.250732421875
-220.9801025390625
-205.22744750976562
-292.2747802734375
-140.57485961914062
-292.5112609863281
-934.5086669921875
-445.8406677246094
-152.29083251953125
-201.25711059570312
-171.26254272460938
-172.50714111328125
-157.37142944335938
-189.6085205078125
-282.8952941894531
-341.85400390625
-335.2845153808594
-176.03680419921875
-187.45571899414062
-555.0242919921875
-132.03762817382812
-295.75103759765625
-77.06900787353516
-200.9997100830078
-186.77679443359375
-156.97447204589844
-105.016357421875
-252.85671997070312
-102.67509460449219
-109.7088623046875
-69.80303192138672
-94.89079284667969
-151.57241821289062
-170.36328125
-91.24441528320312
-489.0859680175781
-69.4425048828125
-83.9224853515625
-88.85423278808594
-94.31139373779297
-396.8979187011719
-160.64553833007812
-105.63121032714844
-104.55028533935547
-89.56925201416016
-243.3438262939453
-102.86161804199219
-139.48764038085938
-370.53521728515625
-87.6768569946289
-127.16355895996094
-78.17509460449219
-285.315673828125
-125.75434112548828
-153.27342224121094
-141.50323486328125
-207.54019165039062
-78.7052001953125
-105.34337615966797
-55.2290153503418
-117.47200012207031
-119.9845199584961
-91.65391540527344
-249.62106323242188
-53.62867736816406
-90.96753692626953
-96.2541732788086
-123.68519592285156
-218.46441650390625
-242.529296875
-163.8094482421875
-80.17862701416016
-168.07655334472656
-108.1383056640625
-84.30802917480469
-258.80657958984375
-91.67391204833984
-69.30677795410156
-71.01334381103516
-110.99966430664062
-444.6071472167969
-369.3108215332031
-140.2847137451172
-78.42671203613281
-186.09622192382812
-266.36968994140625
-74.96343994140625
-165.91928100585938
-102.11174011230469
-101.25717163085938
-181.78407287597656
-137.33473205566406
-79.22039794921875
-136.71531677246094
-256.5262756347656
-101.60687255859375
-108.23814392089844
-129.47836303710938
-73.63999938964844
-84.00061798095703
-308.2550964355469
-156.682373046875
-335.6214599609375
-360.91375732421875
-157.40048217773438
-165.7589569091797
-77.1440658569336
-196.88270568847656
-156.1369171142578
-119.29773712158203
-183.72975158691406
-392.60699462890625
-121.1631851196289
-136.41610717773438
-100.26048278808594
-90.0716552734375
-113.66070556640625
-60.652061462402344
-58.782955169677734
-318.1915283203125
-106.11917114257812
-93.31340026855469
-146.12026977539062
-430.4485168457031
-426.06524658203125
-71.67632293701172
-183.8609161376953
-75.804443359375
-113.01068115234375
-142.1621551513672
-99.78977966308594
-46.895362854003906
-176.7822265625
-297.1263732910156
-62.718589782714844
-90.50021362304688
-108.47032165527344
-112.5291976928711
-110.4466552734375
-66.16490936279297
-100.27937316894531
-104.5790786743164
-159.5179901123047
-114.44074249267578
-62.294219970703125
-145.99835205078125
-176.77952575683594
-99.68229675292969
-87.90084838867188
-230.91845703125
-70.33023071289062
-156.67660522460938
-107.03218078613281
-142.87661743164062
-129.09353637695312
-205.70440673828125
-115.51904296875
-115.46136474609375
-131.63584899902344
-126.83203125
-74.09298706054688
-92.3323745727539
-107.09813690185547
-391.1411437988281
-252.92173767089844
-571.4754638671875
-103.52059173583984
-72.68914794921875
-150.29396057128906
-51.756317138671875
-97.5223388671875
-261.2101135253906
-191.8746337890625
-121.00709533691406
-223.5101318359375
-171.91549682617188
-89.99240112304688
-160.17034912109375
-106.14812469482422
-81.56098937988281
-211.49276733398438
-210.81478881835938
-63.177978515625
-332.1998291015625
-99.38130187988281
-283.23236083984375
-71.94052124023438
-107.9555892944336
-84.07659912109375
-74.72953033447266
-357.4214782714844
-75.34715270996094
-227.1890411376953
-87.2753677368164
-56.27770233154297
-137.2882080078125
-87.51090240478516
-80.73338317871094
-84.79167175292969
-98.83953857421875
-66.94295501708984
-634.5810546875
-68.42497253417969
-89.13605499267578
-67.60958862304688
-281.5610656738281
-127.97770690917969
-54.6069450378418
-121.10225677490234
-143.2850341796875
-113.45353698730469
-66.01514434814453
-143.77044677734375
-62.941184997558594
-125.0024642944336
-470.4206237792969
-123.90773010253906
-92.10151672363281
-89.56192779541016
-140.16355895996094
-87.26441955566406
-121.13339233398438
-72.3803482055664
-393.7736511230469
-64.49795532226562
-122.42802429199219
-65.77838134765625
-79.4370346069336
-117.76055145263672
-68.28279876708984
-159.6474609375
-402.865966796875
-767.4835205078125
-183.69386291503906
-208.16448974609375
-119.89399719238281
-71.42291259765625
-102.46480560302734
-73.05992126464844
-92.76777648925781
-133.45343017578125
-119.591064453125
-190.83187866210938
-85.16649627685547
-163.93673706054688
-213.7467041015625
-93.54791259765625
-144.98121643066406
-67.79953002929688
-108.60513305664062
-81.07514953613281
-151.35430908203125
-296.6750793457031
-367.4285888671875
-247.11158752441406
-146.59634399414062
-227.68019104003906
-121.51631164550781
-107.36058044433594
-85.75700378417969
-112.11975860595703
-75.40592956542969
-83.54891204833984
-213.9261016845703
-86.06658935546875
-86.14026641845703
-82.8682861328125
-103.8914794921875
-110.31658172607422
-131.28289794921875
-96.73381042480469
-68.75971984863281
-275.9013977050781
-109.77456665039062
-103.44496154785156
-87.44056701660156
-148.9097442626953
-180.39718627929688
-90.577392578125
-164.23416137695312
-112.04502868652344
-60.814327239990234
-81.19850158691406
-174.69493103027344
-193.3625030517578
-172.86746215820312
-168.30616760253906
-83.3581314086914
-93.47325134277344
-145.69825744628906
-75.00518798828125
-506.4855651855469
-111.8750991821289
-92.08152770996094
-76.35304260253906
-104.91511535644531
-60.99031066894531
-74.79838562011719
-52.155616760253906
-168.37937927246094
-101.7154769897461
-70.94889831542969
-91.31501770019531
-197.0346221923828
-99.22451782226562
-115.92930603027344
-90.50104522705078
-79.22549438476562
-418.80474853515625
-240.75888061523438
-58.84192657470703
-104.09696960449219
-107.70640563964844
-171.59278869628906
-181.58462524414062
-98.42142486572266
-161.507080078125
-139.80062866210938
-133.84292602539062
-76.35227966308594
-272.52032470703125
-145.5622100830078
-150.55279541015625
-104.29886627197266
-97.158447265625
-113.81265258789062
-150.7240753173828
-62.84385299682617
-93.20135498046875
-106.94666290283203
-219.29193115234375
-192.0764617919922
-114.58220672607422
-76.14402770996094
-115.61943054199219
-203.9757080078125
-48.32524871826172
-92.8078384399414
-74.12252044677734
-128.42723083496094
-198.47225952148438
-93.31797790527344
-242.08645629882812
-425.65863037109375
-62.20253372192383
-116.13325500488281
-100.13653564453125
-163.0164794921875
-83.13898468017578
-88.67588806152344
-65.17240905761719
-123.40496063232422
-79.85540771484375
-122.7080078125
-78.59516906738281
-142.8572998046875
-130.36703491210938
-120.28358459472656
-125.3406982421875
-209.81063842773438
-69.56092834472656
-140.1597900390625
-328.5798034667969
-69.55061340332031
-61.649070739746094
-141.28451538085938
-105.03270721435547
-102.72642517089844
-56.76686096191406
-187.31591796875
-112.13103485107422
-98.92057800292969
-226.2447052001953
-130.3289794921875
-178.37652587890625
-80.79570007324219
-97.81647491455078
-181.23629760742188
-68.50872802734375
-87.3373031616211
-79.92155456542969
-201.58448791503906
-68.55152893066406
-138.605712890625
-96.19392395019531
-189.19085693359375
-569.9984130859375
-80.08361053466797
-163.67977905273438
-77.80998992919922
-249.33702087402344
-148.67601013183594
-181.9508514404297
-387.93096923828125
-69.09040832519531
-96.71580505371094
-183.29904174804688
-80.172607421875
-215.4547882080078
-158.14637756347656
-95.62049865722656
-151.79095458984375
-164.61483764648438
-75.98796844482422
-74.98385620117188
-66.68165588378906
-161.3463592529297
-153.76571655273438
-67.90496826171875
-119.01984405517578
-292.608642578125
-218.978271484375
-137.94586181640625
-107.9691390991211
-118.946533203125
-197.18527221679688
-99.45069885253906
-135.46856689453125
-94.77223205566406
-113.38248443603516
-94.05110168457031
-72.76367950439453
-101.18667602539062
-84.99044799804688
-302.3844299316406
-150.426513671875
-71.13054656982422
-605.3927612304688
-158.9112091064453
-317.1505126953125
-76.66786193847656
-123.58218383789062
-117.03466796875
-94.67921447753906
-223.24267578125
-194.0899658203125
-340.30548095703125
-69.04912567138672
-90.20069122314453
-93.0367431640625
-77.86190795898438
-268.8536376953125
-94.61994171142578
-106.56478881835938
-176.39254760742188
-251.73023986816406
-98.37905883789062
-81.29435729980469
-175.90286254882812
-171.57823181152344
-165.4833984375
-95.02227783203125
-73.75939178466797
-376.81451416015625
-217.58888244628906
-439.5595397949219
-139.950927734375
-88.45158386230469
-77.774658203125
-75.94293212890625
-128.85296630859375
-78.94242858886719
-159.22817993164062
-121.55751037597656
-77.74949645996094
-81.34325408935547
-70.53350067138672
-176.6522216796875
-78.31277465820312
-126.83245086669922
-93.28561401367188
-312.0658264160156
-86.37457275390625
-121.19697570800781
-77.6244125366211
-83.289794921875
-82.29560089111328
-78.56524658203125
-319.40960693359375
-93.76210021972656
-150.66375732421875
-96.6246337890625
-70.52980041503906
-81.42437744140625
-98.1150131225586
-173.90084838867188
-143.62828063964844
-238.81484985351562
-121.06381225585938
-120.69799041748047
-100.80748748779297
-55.26220703125
-270.4229736328125
-269.1642150878906
-91.1683349609375
-65.92604064941406
-163.9260711669922
-107.55046081542969
-159.95057678222656
-72.90093994140625
-119.09503936767578
-249.54544067382812
-70.38141632080078
-68.45701599121094
-81.57377624511719
-123.2711181640625
-131.15928649902344
-58.94781494140625
-71.5924072265625
-140.7750701904297
-128.97879028320312
-187.8092803955078
-203.0492706298828
-72.03956604003906
-88.40252685546875
-181.54071044921875
-148.08575439453125
-76.71680450439453
-68.0362319946289
-130.55447387695312
-244.4920654296875
-228.3957061767578
-77.38993835449219
-155.42820739746094
-87.24542236328125
-394.51556396484375
-642.807861328125
-109.95860290527344
-84.90045166015625
-67.92373657226562
-188.51377868652344
-248.89987182617188
-147.0430450439453
-100.89873504638672
-298.4132080078125
-140.32814025878906
-130.00656127929688
-356.3424987792969
-91.64614868164062
-149.57913208007812
-115.5245361328125
-120.54130554199219
-158.8538818359375
-75.60082244873047
-65.60554504394531
-204.71392822265625
-105.43641662597656
-104.2901611328125
-135.14413452148438
-84.0258560180664
-220.94650268554688
-178.5731201171875
-77.37513732910156
-128.19155883789062
-229.1605224609375
-182.46380615234375
-114.49960327148438
-186.3887176513672
-106.44424438476562
-68.83379364013672
-154.3065643310547
-71.68748474121094
-82.35548400878906
-236.187744140625
-199.81532287597656
-73.89007568359375
-100.723388671875
-189.6786346435547
-279.8892822265625
-143.01138305664062
-287.0211181640625
-181.44888305664062
-136.53448486328125
-61.1085090637207
-119.48408508300781
-137.11631774902344
-190.78549194335938
-163.6449737548828
-351.00054931640625
-97.81338500976562
-88.92362976074219
-135.38404846191406
-96.82664489746094
-69.62388610839844
-104.0503158569336
-89.08256530761719
-216.36502075195312
-83.96678161621094
-121.20066833496094
-144.20753479003906
-119.60877227783203
-57.57835006713867
-116.80542755126953
-163.74220275878906
-143.21128845214844
-153.22323608398438
-95.3294677734375
-64.3354721069336
-53.94251251220703
-67.49807739257812
-69.87954711914062
-407.92694091796875
-85.59013366699219
-132.6575164794922
-166.42733764648438
-158.74069213867188
-81.34618377685547
-169.55892944335938
-111.02581787109375
-107.12605285644531
-92.06755065917969
-119.04885864257812
-94.02825927734375
-118.68199157714844
-95.76681518554688
-85.29158020019531
-74.89823913574219
-103.93600463867188
-139.71005249023438
-76.98279571533203
-71.01591491699219
-198.18348693847656
-113.79723358154297
-101.83267974853516
-190.18994140625
-73.67767333984375
-98.78164672851562
-72.89733123779297
-81.43026733398438
-191.61712646484375
-93.89256286621094
-114.99200439453125
-134.43463134765625
-85.719970703125
-81.20850372314453
-87.11871337890625
-87.2915267944336
-86.47309875488281
-115.57649230957031
-288.3834228515625
-95.58209228515625
-245.27235412597656
-180.958740234375
-151.8378143310547
-75.96033477783203
-110.9302978515625
-106.06845092773438
-68.83268737792969
-55.401737213134766
-99.74629974365234
-204.76760864257812
-191.74600219726562
-137.09628295898438
-96.5546646118164
-78.11394500732422
-54.39875030517578
-90.0368423461914
-172.328369140625
-112.11394500732422
-359.64111328125
-123.26513671875
-52.859825134277344
-96.9928970336914
-156.63650512695312
-391.7186584472656
-222.3754119873047
-76.70964813232422
-108.03181457519531
-393.2071228027344
-115.4169692993164
-65.93067932128906
-78.5709457397461
-303.26068115234375
-88.68989562988281
-189.7575225830078
-121.51148223876953
-88.6343002319336
-143.70553588867188
-86.64692687988281
-124.14331817626953
-109.428466796875
-100.05458068847656
-93.86572265625
-81.39186096191406
-112.1673812866211
-157.73687744140625
-161.3546600341797
-95.39373016357422
-70.28558349609375
-82.4576416015625
-286.2125549316406
-73.22517395019531
-168.6472625732422
-90.83916473388672
-111.58065795898438
-218.52102661132812
-125.68690490722656
-184.0537109375
-190.36866760253906
-107.73585510253906
-92.73399353027344
-213.8148193359375
-98.22048950195312
-104.99873352050781
-96.1289291381836
-90.95721435546875
-76.41366577148438
-97.50883483886719
-108.20181274414062
-76.99417877197266
-369.3552551269531
-215.20294189453125
-170.3638153076172
-109.51476287841797
-253.4708251953125
-82.36343383789062
-99.14480590820312
-134.57736206054688
-69.06637573242188
-65.78665161132812
-76.10186004638672
-149.32461547851562
-130.4212188720703
-116.34881591796875
-137.88035583496094
-103.11380004882812
-103.83441925048828
-280.1172790527344
-260.4720764160156
-77.94784545898438
-132.9374542236328
-68.6532211303711
-174.94825744628906
-416.141357421875
-217.19879150390625
-70.24006652832031
-140.15829467773438
-377.80242919921875
-172.39520263671875
-102.790771484375
-66.91799926757812
-193.89541625976562
-80.35340881347656
-78.08596801757812
-183.246826171875
-83.634765625
-98.0338134765625
-149.13381958007812
-85.01617431640625
-97.09252166748047
-70.46969604492188
-136.44989013671875
-72.1915512084961
-87.83061981201172
-79.8945083618164
-259.72607421875
-106.99176788330078
-167.80984497070312
-108.1417007446289
-324.8443908691406
-307.0790710449219
-325.98712158203125
-72.94386291503906
-77.81118774414062
-137.476806640625
-257.381103515625
-124.51909637451172
-249.1951904296875
-127.59835815429688
-111.00482940673828
-97.85994720458984
-70.52786254882812
-161.79855346679688
-99.13898468017578
-327.1495361328125
-204.82839965820312
-124.23571014404297
-113.818115234375
-92.48888397216797
-102.62866973876953
-328.8494873046875
-133.421142578125
-561.1328125
-89.91685485839844
-356.2938537597656
-137.23028564453125
-245.02435302734375
-73.20454406738281
-72.78204345703125
-71.6949462890625
-62.56797790527344
-199.9054718017578
-128.91073608398438
-130.73666381835938
-85.31442260742188
-115.35856628417969
-256.9429016113281
-117.99735260009766
-70.82987976074219
-165.13673400878906
-105.46776580810547
-202.47772216796875
-83.61660766601562
-97.20703125
-146.92477416992188
-163.44732666015625
-115.77569580078125
-79.0098876953125
-74.54052734375
-234.43304443359375
-164.50613403320312
-100.81597137451172
-94.38632202148438
-310.4369812011719
-126.65350341796875
-83.48815155029297
-491.41839599609375
-82.11278533935547
-93.25936126708984
-117.66404724121094
-87.2122802734375
-117.72601318359375
-66.61961364746094
-252.87338256835938
-97.14839172363281
-104.88343811035156
-156.7439422607422
-138.26942443847656
-110.18569946289062
-122.1573486328125
-114.3714370727539
-197.63612365722656
-84.00466918945312
-1343.142578125
-212.4364013671875
-249.09982299804688
-66.69731903076172
-130.94749450683594
-256.6164855957031
-61.068153381347656
-145.41197204589844
-178.44544982910156
-121.48853302001953
-95.14129638671875
-194.1495819091797
-72.71002197265625
-176.72531127929688
-156.19447326660156
-335.010498046875
-97.41459655761719
-89.61346435546875
-79.79107666015625
-109.72268676757812
-152.48208618164062
-130.07052612304688
-84.59073638916016
-69.78485870361328
-78.62490844726562
-99.4206771850586
-80.02220916748047
-85.44548034667969
-94.89422607421875
-79.86798095703125
-73.71741485595703
-71.71037292480469
-102.95023345947266
-206.1107635498047
-89.21160888671875
-74.30886840820312
-172.65660095214844
-588.4263916015625
-176.37351989746094
-206.17864990234375
-127.55768585205078
-121.06938171386719
-339.5506286621094
-100.56159973144531
-106.71444702148438
-109.27806091308594
-104.92510986328125
-275.2933654785156
-125.33380126953125
-171.56390380859375
-84.30949401855469
-131.46998596191406
-382.1139831542969
-140.21905517578125
-63.65624237060547
-100.11808776855469
-98.96138000488281
-84.71083068847656
-111.40453338623047
-181.28334045410156
-144.646484375
-163.17974853515625
-289.78857421875
-256.19781494140625
-266.278564453125
-73.30499267578125
-76.07028198242188
-158.25721740722656
-131.08218383789062
-95.94599914550781
-91.36504364013672
-122.19441223144531
-110.20779418945312
-78.03623962402344
-91.33318328857422
-97.44658660888672
-170.1912841796875
-129.23631286621094
-116.01734924316406
-324.1168212890625
-252.30709838867188
-139.22018432617188
-109.91204833984375
-311.1387939453125
-174.83419799804688
-229.03421020507812
-98.58757781982422
-171.6124267578125
-192.81246948242188
-234.7109832763672
-171.75967407226562
-133.8170928955078
-110.11824035644531
-160.1189422607422
-138.2774658203125
-89.81326293945312
-209.52944946289062
-112.43658447265625
-162.81451416015625
-148.09393310546875
-228.61460876464844
-133.25885009765625
-90.7320785522461
-188.87240600585938
-352.8612365722656
-178.79830932617188
-212.62564086914062
-225.4248809814453
-132.29595947265625
-357.05279541015625
-80.91645050048828
-238.19049072265625
-75.7244644165039
-111.21417236328125
-78.28939819335938
-106.36006927490234
-79.76537322998047
-321.401611328125
-154.6547393798828
-97.57556915283203
-84.11982727050781
-153.6166229248047
-88.42901611328125
-63.08513641357422
-76.54875183105469
-97.8702392578125
-384.864990234375
-128.2894744873047
-300.64605712890625
-86.02439880371094
-228.30384826660156
-213.2630157470703
-158.00967407226562
-139.70611572265625
-194.88290405273438
-83.02977752685547
-178.0605010986328
-79.76372528076172
-148.7067413330078
-443.68499755859375
-191.6859893798828
-299.6909484863281
-88.61770629882812
-358.8818054199219
-117.47128295898438
-233.7218780517578
-116.63906860351562
-178.95130920410156
-336.2229919433594
-128.61825561523438
-190.64065551757812
-213.91519165039062
-79.953125
-235.61984252929688
-120.63876342773438
-160.16049194335938
-85.50703430175781
-66.79158020019531
-163.74356079101562
-212.6384735107422
-145.0594482421875
-70.61289978027344
-78.85033416748047
-149.06764221191406
-145.1387481689453
-111.33484649658203
-63.228981018066406
-91.19908905029297
-72.49153900146484
-258.67657470703125
-150.31781005859375
-106.23686218261719
-147.14634704589844
-420.49169921875
-127.26358032226562
-100.17512512207031
-340.88836669921875
-97.51461029052734
-74.00048065185547
-124.04512786865234
-90.9765853881836
-230.36123657226562
-128.47935485839844
-77.95103454589844
-102.23540496826172
-105.7883071899414
-110.79157257080078
-137.29672241210938
-150.75531005859375
-473.13580322265625
-270.4910583496094
-156.18658447265625
-96.17214965820312
-83.08842468261719
-116.24911499023438
-252.6505889892578
-72.48609924316406
-101.64315795898438
-119.71424865722656
-94.02456665039062
-132.2347412109375
-67.15008544921875
-102.52003479003906
-70.96260833740234
-129.47360229492188
-181.3833465576172
-143.1859130859375
-116.57597351074219
-265.4825439453125
-94.5627212524414
-64.09796142578125
-165.15145874023438
-223.24325561523438
-1273.3486328125
-233.12222290039062
-140.82241821289062
-232.12582397460938
-144.21194458007812
-206.01829528808594
-119.53802490234375
-72.73077392578125
-101.48133087158203
-153.00888061523438
-80.3339614868164
-649.15673828125
-258.1558837890625
-103.82530212402344
-123.13871002197266
-83.50064086914062
-154.16552734375
-72.66067504882812
-167.79347229003906
-167.0823211669922
-86.18004608154297
-131.78717041015625
-155.92892456054688
-205.2114715576172
-61.889915466308594
-178.0033721923828
-66.71744537353516
-84.14141845703125
-357.0493469238281
-136.1837921142578
-367.2789611816406
-91.4503173828125
-87.50584411621094
-121.64022064208984
-89.47710418701172
-81.98081970214844
-91.62681579589844
-155.1339111328125
-107.4975814819336
-148.27688598632812
-101.5580062866211
-269.8109436035156
-193.75851440429688
-98.07713317871094
-150.36354064941406
-77.18270111083984
-105.46434783935547
-160.9180450439453
-449.4557800292969
-131.44522094726562
-185.40969848632812
-196.70281982421875
-240.9242401123047
-138.6795196533203
-61.73605728149414
-108.31068420410156
-313.9496154785156
-196.8053741455078
-89.93406677246094
-75.87876892089844
-101.48724365234375
-221.49539184570312
-575.5863037109375
-198.92041015625
-332.1651611328125
-253.65740966796875
-173.58056640625
-158.2431640625
-83.95199584960938
-104.93842315673828
-131.69993591308594
-150.25552368164062
-93.6698989868164
-330.4495544433594
-111.55706787109375
-158.99598693847656
-94.36865234375
-464.14874267578125
-109.07853698730469
-301.54327392578125
-208.28341674804688
-94.32209777832031
-93.4814682006836
-92.00173950195312
-112.28936767578125
-402.8711242675781
-156.96681213378906
-285.2181091308594
-108.95268249511719
-81.49264526367188
-193.24961853027344
-229.4897003173828
-350.5328369140625
-95.82288360595703
-198.93577575683594
-299.06634521484375
-89.7454833984375
-134.54171752929688
-235.99615478515625
-73.08592224121094
-241.5852508544922
-105.66703033447266
-93.12730407714844
-155.6472930908203
-241.6956787109375
-162.75413513183594
-343.96978759765625
-138.81161499023438
-95.40359497070312
-343.73681640625
-223.37893676757812
-80.15634155273438
-149.2274169921875
-156.1949920654297
-115.49147033691406
-92.27029418945312
-112.1806869506836
-108.42564392089844
-137.52784729003906
-216.09039306640625
-125.7877197265625
-107.68930053710938
-198.002197265625
-167.66941833496094
-83.62368774414062
-435.7681579589844
-142.1695098876953
-156.0677490234375
-167.00515747070312
-225.07623291015625
-80.95162200927734
-122.43275451660156
-87.8947982788086
-191.33291625976562
-115.39008331298828
-228.81686401367188
-389.2992248535156
-101.98543548583984
-152.51980590820312
-128.88870239257812
-150.39730834960938
-83.11811065673828
-165.38995361328125
-143.848876953125
-65.74920654296875
-106.2979736328125
-116.82475280761719
-84.46199035644531
-127.19627380371094
-90.46958923339844
-814.6142578125
-85.31674194335938
-127.28759765625
-526.1499633789062
-108.34030151367188
-385.5089111328125
-97.13845825195312
-336.976318359375
-97.78974914550781
-181.66690063476562
-166.1307373046875
-526.7064208984375
-73.5862808227539
-110.50082397460938
-103.89128875732422
-68.21265411376953
-219.5496826171875
-106.59040069580078
-93.4244384765625
-187.39181518554688
-103.8172607421875
-87.69641876220703
-500.4478454589844
-176.8385772705078
-83.65118408203125
-96.16671752929688
-326.4958801269531
-171.00698852539062
-450.2475280761719
-132.3192138671875
-130.2338409423828
-241.2852783203125
-95.50590515136719
-119.4773941040039
-102.82086181640625
-682.1634521484375
-367.25006103515625
-176.59829711914062
-101.79421997070312
-200.86587524414062
-105.33828735351562
-107.28475189208984
-117.21119689941406
-106.58212280273438
-281.2715148925781
-915.973876953125
-207.6440887451172
-132.56072998046875
-206.41842651367188
-159.41314697265625
-102.68299865722656
-103.33059692382812
-114.18814849853516
-154.212646484375
-135.70916748046875
-152.8035888671875
-271.2132263183594
-142.1233367919922
-197.67236328125
-136.29258728027344
-141.76788330078125
-172.5625
-153.8083038330078
-140.40267944335938
-72.16989135742188
-107.66908264160156
-260.8996887207031
-250.08462524414062
-244.79461669921875
-223.088134765625
-83.75813293457031
-82.9454116821289
-112.01270294189453
-63.82388687133789
-112.19071960449219
-180.48416137695312
-82.61405944824219
-311.05242919921875
-531.0847778320312
-186.46922302246094
-162.52545166015625
-161.150634765625
-239.431884765625
-85.49661254882812
-150.55322265625
-85.361328125
-95.13069152832031
-454.6358947753906
-100.40946197509766
-120.07341003417969
-96.0962142944336
-425.0318603515625
-136.8392791748047
-164.45071411132812
-433.465576171875
-149.66407775878906
-107.18140411376953
-77.88584899902344
-126.25594329833984
-108.66505432128906
-107.11843872070312
-181.17498779296875
-153.40492248535156
-310.5506591796875
-597.71142578125
-85.9564208984375
-555.4727783203125
-125.8506088256836
-94.70272827148438
-138.1318359375
-220.26268005371094
-89.46058654785156
-81.92826080322266
-143.0647735595703
-234.8739013671875
-117.0274658203125
-205.9290771484375
-124.47764587402344
-197.82772827148438
-153.09971618652344
-262.8841552734375
-213.35076904296875
-91.40916442871094
-89.34896850585938
-274.1529235839844
-158.22055053710938
-110.14828491210938
-156.39358520507812
-224.36074829101562
-106.82173919677734
-183.52774047851562
-112.18152618408203
-95.89332580566406
-196.18978881835938
-132.30995178222656
-114.895751953125
-101.24279022216797
-140.69285583496094
-79.88117218017578
-170.85577392578125
-263.520263671875
-95.21672058105469
-91.02638244628906
-89.1228256225586
-311.8507385253906
-91.97595977783203
-172.68325805664062
-101.36390686035156
-165.9912109375
-431.83380126953125
-153.07302856445312
-108.17516326904297
-126.94235229492188
-69.00601196289062
-269.814208984375
-364.5205078125
-304.5012512207031
-71.26837158203125
-65.84756469726562
-69.53952026367188
-87.52003479003906
-113.62783813476562
-102.66309356689453
-154.911865234375
-102.4761962890625
-106.0282211303711
-80.25235748291016
-102.67538452148438
-225.56932067871094
-346.0224304199219
-305.14385986328125
-211.69674682617188
-158.15338134765625
-117.59275817871094
-160.54299926757812
-307.856201171875
-103.48453521728516
-336.97283935546875
-77.79269409179688
-311.361572265625
-210.72805786132812
-94.29360961914062
-197.57351684570312
-88.25453186035156
-101.67310333251953
-127.83919525146484
-119.12345886230469
-148.55496215820312
-63.69133758544922
-101.43624877929688
-175.13717651367188
-333.923095703125
-117.97531127929688
-232.61654663085938
-151.3258056640625
-86.51583862304688
-187.04327392578125
-172.4383544921875
-338.7132873535156
-257.8704528808594
-129.59597778320312
-180.32205200195312
-219.89129638671875
-163.6106414794922
-203.00741577148438
-141.9671630859375
-145.46383666992188
-250.32290649414062
-91.87611389160156
-265.26568603515625
-81.60414123535156
-72.78042602539062
-98.1737060546875
-116.98694610595703
-124.31063842773438
-184.94839477539062
-65.9217758178711
-139.03160095214844
-153.23028564453125
-177.05284118652344
-2464.51220703125
-1021.575927734375
-213.4745330810547
-237.74452209472656
-97.25846862792969
-123.0777587890625
-107.23085021972656
-86.06689453125
-154.8206787109375
-91.58392333984375
-121.35894775390625
-145.18319702148438
-107.89649963378906
-206.50637817382812
-167.04052734375
-98.66215515136719
-149.28578186035156
-186.48886108398438
-111.2230224609375
-129.85894775390625
-97.43790435791016
-119.16548156738281
-210.96954345703125
-76.25973510742188
-181.8341064453125
-74.65153503417969
-118.32904815673828
-99.90555572509766
-98.4819564819336
-128.3170166015625
-135.02261352539062
-94.27410125732422
-813.126220703125
-276.9934997558594
-150.95791625976562
-430.5091552734375
-241.2186279296875
-109.23834228515625
-131.47683715820312
-84.55535125732422
-123.86380767822266
-130.7802734375
-96.298828125
-84.13951110839844
-1603.1851806640625
-174.56886291503906
-64.48724365234375
-215.12667846679688
-70.45952606201172
-716.5765991210938
-70.66350555419922
-91.56876373291016
-93.69709777832031
-199.22901916503906
-237.9626007080078
-188.6023712158203
-97.55236053466797
-164.1891632080078
-69.70266723632812
-234.07510375976562
-336.01104736328125
-259.2337646484375
-137.4322509765625
-135.08367919921875
-260.24383544921875
-148.12307739257812
-211.37611389160156
-153.05630493164062
-181.35121154785156
-171.09866333007812
-318.05499267578125
-148.20993041992188
-99.36955261230469
-176.30982971191406
-113.54296875
-77.62480163574219
-80.17861938476562
-121.21292114257812
-126.8719482421875
-166.21719360351562
-109.81364440917969
-1638.206787109375
-126.78717803955078
-198.9600830078125
-127.99871063232422
-1909.1446533203125
-86.44746398925781
-218.17807006835938
-85.43843078613281
-101.90342712402344
-119.11833953857422
-163.89251708984375
-385.2171630859375
-269.6357116699219
-188.56378173828125
-102.95899200439453
-125.92415618896484
-111.80690002441406
-131.99166870117188
-64.72764587402344
-124.41831970214844
-68.88097381591797
-121.04829406738281
-80.10671997070312
-73.27482604980469
-217.56565856933594
-231.61563110351562
-97.16185760498047
-107.28132629394531
-98.84207153320312
-102.80260467529297
-249.9266815185547
-96.61786651611328
-102.80886840820312
-507.59423828125
-174.48434448242188
-147.38143920898438
-77.26412200927734
-523.958251953125
-198.69952392578125
-282.3214111328125
-549.1537475585938
-75.48393249511719
-95.75715637207031
-242.21043395996094
-82.60264587402344
-108.8309097290039
-133.81434631347656
-276.09161376953125
-225.697998046875
-93.23102569580078
-330.9721374511719
-142.78689575195312
-174.0504150390625
-63.1003303527832
-145.1216583251953
-127.18809509277344
-119.04501342773438
-145.70681762695312
-113.54961395263672
-108.5040283203125
-602.7789306640625
-195.60696411132812
-124.7293701171875
-192.31875610351562
-289.0439453125
-77.04789733886719
-321.95556640625
-73.2442626953125
-120.24839782714844
-109.12429809570312
-94.39909362792969
-103.15750122070312
-170.24041748046875
-106.87262725830078
-70.9795150756836
-133.25514221191406
-123.45975494384766
-111.6926498413086
-103.41077423095703
-96.91050720214844
-74.21945190429688
-89.94970703125
-95.10064697265625
-109.13182830810547
-85.1329574584961
-149.11146545410156
-148.08468627929688
-69.74586486816406
-102.69217681884766
-80.95004272460938
-646.573974609375
-93.44371795654297
-136.19801330566406
-101.63693237304688
-177.19345092773438
-95.16543579101562
-187.92813110351562
-293.4359130859375
-191.10304260253906
-109.28329467773438
-92.3501205444336
-150.53994750976562
-378.03570556640625
-115.7833251953125
-73.65321350097656
-139.016845703125
-77.44334411621094
-93.76327514648438
-1397.5860595703125
-176.39877319335938
-87.72439575195312
-116.91116333007812
-58.297367095947266
-94.27189636230469
-167.80413818359375
-78.47328186035156
-137.46389770507812
-163.04046630859375
-163.5059814453125
-242.33056640625
-101.75173950195312
-77.25200653076172
-162.7061309814453
-77.51222229003906
-211.50360107421875
-281.95068359375
-157.68051147460938
-167.7996826171875
-82.33759307861328
-109.99626922607422
-195.85777282714844
-86.34173583984375
-131.79437255859375
-324.143798828125
-74.81733703613281
-117.90914916992188
-366.6876525878906
-158.7206268310547
-564.7827758789062
-133.6395721435547
-313.0198669433594
-194.2956085205078
-97.69220733642578
-228.67745971679688
-125.27816772460938
-89.2612533569336
-89.2294921875
-235.04600524902344
-105.58517456054688
-220.36524963378906
-80.93346405029297
-96.09342956542969
-66.13255310058594
-57.25558090209961
-233.11705017089844
-97.57553100585938
-158.54351806640625
-173.50067138671875
-194.21786499023438
-66.63584899902344
-163.99729919433594
-209.88050842285156
-123.04673767089844
-154.14608764648438
-145.2280731201172
-341.5331726074219
-132.46481323242188
-106.60289001464844
-94.40385437011719
-116.88094329833984
-294.4005432128906
-258.05682373046875
-126.17530059814453
-77.37373352050781
-412.10699462890625
-200.82009887695312
-152.7605743408203
-192.24783325195312
-76.02775573730469
-1557.4788818359375
-103.51324462890625
-144.46437072753906
-193.05096435546875
-99.88478088378906
-235.76434326171875
-63.77165985107422
-429.4215087890625
-194.97792053222656
-125.0054931640625
-89.2646484375
-67.65855407714844
-97.6695556640625
-308.9583740234375
-139.70181274414062
-107.08375549316406
-141.09381103515625
-72.09959411621094
-93.66433715820312
-103.723876953125
-84.52395629882812
-85.0960693359375
-87.72764587402344
-94.03335571289062
-162.16455078125
-113.87853240966797
-69.66201782226562
-294.6973876953125
-244.25143432617188
-187.34132385253906
-199.3484344482422
-108.8345947265625
-102.00550842285156
-81.33705139160156
-96.3770980834961
-412.4097900390625
-109.90692138671875
-90.91107177734375
-225.55517578125
-112.01651000976562
-99.78089141845703
-251.42971801757812
-214.97393798828125
-166.74993896484375
-132.23715209960938
-76.78131866455078
-83.39743041992188
-104.73701477050781
-87.05855560302734
-177.38674926757812
-188.18023681640625
-155.7739715576172
-199.98971557617188
-120.80368041992188
-101.86979675292969
-104.36100769042969
-150.33688354492188
-113.9150161743164
-74.65432739257812
-154.61553955078125
-462.03607177734375
-152.98519897460938
-218.55227661132812
-213.0640411376953
-69.62570190429688
-137.97567749023438
-79.19466400146484
-142.98526000976562
-83.85569763183594
-126.14776611328125
-90.22045135498047
-112.1731948852539
-173.1240234375
-398.9052734375
-105.90259552001953
-135.15196228027344
-93.98130798339844
-109.16403198242188
-128.36451721191406
-126.68345642089844
-210.1140899658203
-103.19927978515625
-190.34751892089844
-134.92752075195312
-926.251220703125
-187.25489807128906
-227.45455932617188
-263.18133544921875
-95.08418273925781
-103.40299224853516
-815.7550048828125
-110.78886413574219
-344.3368225097656
-161.4961700439453
-66.93389892578125
-97.29578399658203
-95.4582290649414
-281.2015380859375
-72.1607894897461
-142.40670776367188
-80.30122375488281
-110.77135467529297
-84.80564880371094
-513.2091674804688
-299.2105407714844
-147.29698181152344
-112.20252990722656
-418.6639709472656
-79.16761779785156
-74.42972564697266
-71.880126953125
-242.18435668945312
-154.5511016845703
-95.61360168457031
-87.26905059814453
-89.5135498046875
-86.82772827148438
-240.29183959960938
-631.2940673828125
-70.52497863769531
-519.8892822265625
-187.61795043945312
-229.7169647216797
-74.35808563232422
-510.51995849609375
-119.37605285644531
-145.33145141601562
-113.541015625
-102.01595306396484
-86.60712432861328
-74.50991821289062
-723.2886352539062
-207.97613525390625
-219.10130310058594
-84.10263061523438
-176.27609252929688
-163.18685913085938
-190.6572723388672
-731.989013671875
-129.001708984375
-100.2542724609375
-92.30206298828125
-184.3944854736328
-73.46697998046875
-99.64449310302734
-156.35855102539062
-83.692626953125
-180.0380401611328
-90.16433715820312
-266.251953125
-104.08306121826172
-130.9062042236328
-93.0243911743164
-104.09989166259766
-181.4595184326172
-282.5861511230469
-130.09283447265625
-146.89186096191406
-177.72821044921875
-528.0904541015625
-451.6409912109375
-321.7848815917969
-101.01514434814453
-267.4310302734375
-98.6919937133789
-65.13954162597656
-143.64779663085938
-116.55511474609375
-145.5320587158203
-313.505615234375
-93.0802001953125
-286.54425048828125
-187.221435546875
-200.13580322265625
-295.9219970703125
-63.16529083251953
-215.23544311523438
-96.7162857055664
-151.3017578125
-255.0186309814453
-345.62457275390625
-188.54766845703125
-131.5418701171875
-570.9675903320312
-104.33328247070312
-116.16815185546875
-170.11146545410156
-419.786865234375
-126.95063781738281
-139.15814208984375
-173.234130859375
-103.55258178710938
-322.149658203125
-85.05533599853516
-184.83685302734375
-294.6435546875
-170.99630737304688
-84.18132781982422
-494.27288818359375
-145.77828979492188
-229.71337890625
-197.39804077148438
-125.13581848144531
-209.08274841308594
-333.84765625
-77.98490142822266
-204.1843719482422
-218.9547576904297
-94.89999389648438
-158.01007080078125
-257.7003173828125
-89.259033203125
-96.1998062133789
-74.46436309814453
-260.6871032714844
-130.06216430664062
-286.2650146484375
-77.12500762939453
-155.9127655029297
-111.29544067382812
-204.12588500976562
-468.83172607421875
-305.3126525878906
-60.82282257080078
-275.9531555175781
-98.75091552734375
-74.81503295898438
-207.23236083984375
-138.71450805664062
-107.54029083251953
-238.68060302734375
-198.89938354492188
-248.57489013671875
-118.38504028320312
-226.66253662109375
-91.41886901855469
-127.72550964355469
-110.17906188964844
-191.3603973388672
-75.30500030517578
-107.53565979003906
-76.72543334960938
-125.85285949707031
-222.35397338867188
-174.04531860351562
-273.63433837890625
-114.213134765625
-239.43096923828125
-88.5832748413086
-202.1340789794922
-92.37281036376953
-99.60039520263672
-174.50033569335938
-89.74272918701172
-128.25027465820312
-118.68938446044922
-240.64468383789062
-99.26325225830078
-125.71458435058594
-105.21439361572266
-196.01976013183594
-96.90385437011719
-95.70468139648438
-113.17913818359375
-88.537109375
-237.53726196289062
-746.4017333984375
-167.1005096435547
-89.63784790039062
-587.8806762695312
-124.75082397460938
-109.06299591064453
-71.30691528320312
-87.67568969726562
-60.54174041748047
-159.18399047851562
-165.1637725830078
-83.48617553710938
-110.93000030517578
-106.93032836914062
-204.9510498046875
-166.89691162109375
-165.82130432128906
-298.408447265625
-370.6933898925781
-135.26919555664062
-137.85520935058594
-333.70562744140625
-116.88255310058594
-135.70578002929688
-114.47467041015625
-79.41641235351562
-126.51390075683594
-96.17843627929688
-100.20487976074219
-165.49774169921875
-75.1519775390625
-77.25370788574219
-96.53913879394531
-111.94215393066406
-1326.53466796875
-269.8533935546875
-130.9402618408203
-315.5010681152344
-224.02381896972656
-64.67530059814453
-296.94476318359375
-319.8115234375
-110.68449401855469
-123.21009826660156
-131.0056915283203
-186.06524658203125
-130.95648193359375
-259.7750549316406
-221.99630737304688
-155.4638214111328
-108.04887390136719
-116.81228637695312
-88.74403381347656
-95.41265106201172
-298.49560546875
-93.5988540649414
-214.89590454101562
-209.87228393554688
-141.77847290039062
-170.91864013671875
-133.66485595703125
-238.0045623779297
-101.3951416015625
-108.09922790527344
-148.25637817382812
-154.32937622070312
-168.90782165527344
-210.82330322265625
-117.35591125488281
-150.04864501953125
-97.08157348632812
-139.22479248046875
-153.95346069335938
-98.88491821289062
-116.52642822265625
-66.6968765258789
-120.49385833740234
-149.5699462890625
-121.05133056640625
-93.25033569335938
-143.2176055908203
-183.62106323242188
-86.24137878417969
-252.6190948486328
-102.190673828125
-56.41086196899414
-96.49073791503906
-781.6502685546875
-81.00837707519531
-108.01493835449219
-85.21050262451172
-180.8396759033203
-163.69761657714844
-261.1697082519531
-114.69532012939453
-98.86803436279297
-91.75456237792969
-75.05916595458984
-226.23440551757812
-79.02725219726562
-78.97834014892578
-264.14752197265625
-230.89080810546875
-83.91243743896484
-99.9730224609375
-166.861328125
-95.01615905761719
-108.38849639892578
-95.39237213134766
-107.06273651123047
-149.1175079345703
-99.60977935791016
-260.0533447265625
-207.71925354003906
-322.446533203125
-338.2967834472656
-74.78117370605469
-133.5478515625
-89.16845703125
-98.49830627441406
-89.94326782226562
-76.36444854736328
-98.64996337890625
-275.6958923339844
-261.66888427734375
-339.60577392578125
-316.33526611328125
-98.68207550048828
-99.65438079833984
-167.53981018066406
-72.22695922851562
-75.30503845214844
-102.02967071533203
-322.5660400390625
-209.4042205810547
-123.29328155517578
-461.6962585449219
-105.13750457763672
-98.81330871582031
-142.0799560546875
-90.0685806274414
-234.38552856445312
-106.51004028320312
-93.29696655273438
-83.08683776855469
-78.04438781738281
-84.48326110839844
-136.46871948242188
-87.08521270751953
-127.04188537597656
-165.93670654296875
-81.956298828125
-585.75146484375
-87.939208984375
-71.42181396484375
-73.87877655029297
-289.4980163574219
-114.09272766113281
-177.51170349121094
-114.42669677734375
-84.67353820800781
-108.82133483886719
-174.78729248046875
-92.00708770751953
-109.90153503417969
-177.63046264648438
-87.63131713867188
-126.38285064697266
-312.2200622558594
-112.2100830078125
-135.8554229736328
-157.54481506347656
-304.8729248046875
-131.74974060058594
-180.43751525878906
-138.66580200195312
-132.56263732910156
-75.208984375
-119.44317626953125
-319.24530029296875
-86.8182373046875
-79.31031799316406
-343.4430236816406
-76.26022338867188
-439.6972351074219
-81.00361633300781
-330.9447021484375
-737.3585205078125
-481.73248291015625
-113.01904296875
-93.05607604980469
-98.04774475097656
-832.3551635742188
-102.884033203125
-138.77001953125
-175.37347412109375
-78.00032806396484
-145.2947998046875
-74.28253173828125
-206.449462890625
-80.83113098144531
-184.94418334960938
-175.43862915039062
-162.11471557617188
-484.510498046875
-89.84844970703125
-168.80880737304688
-123.41390228271484
-214.40628051757812
-113.45826721191406
-81.1871337890625
-213.9043426513672
-293.3233642578125
-282.2593688964844
-532.0089111328125
-232.65948486328125
-99.70777130126953
-112.14207458496094
-136.9364013671875
-81.7077407836914
-85.19711303710938
-152.42555236816406
-344.3902587890625
-106.52456665039062
-140.5750732421875
-112.76683044433594
-101.59661102294922
-93.44931030273438
-128.75653076171875
-338.4753112792969
-230.03271484375
-74.37347412109375
-437.2838134765625
-138.0096893310547
-86.81674194335938
-299.49835205078125
-243.955810546875
-155.5272216796875
-339.3212890625
-164.51797485351562
-180.15318298339844
-306.71502685546875
-199.27902221679688
-104.12387084960938
-80.5198745727539
-304.6341552734375
-86.62764739990234
-110.39324951171875
-268.7406005859375
-85.87223815917969
-178.68751525878906
-116.40503692626953
-118.45467376708984
-85.5486831665039
-85.26510620117188
-100.35663604736328
-222.10496520996094
-181.06488037109375
-106.16136169433594
-97.60823059082031
-82.1872329711914
-104.34220123291016
-176.36917114257812
-147.6667938232422
-228.42413330078125
-149.76625061035156
-165.8319091796875
-82.34867095947266
-182.84066772460938
-143.5193328857422
-163.5998992919922
-195.88528442382812
-99.37771606445312
-1056.06396484375
-401.36181640625
-106.4976806640625
-82.67713928222656
-107.341064453125
-135.8789520263672
-107.33821868896484
-170.08441162109375
-423.28094482421875
-118.60132598876953
-112.89814758300781
-105.90438842773438
-97.76023864746094
-78.38343048095703
-97.87850952148438
-91.17990112304688
-102.94723510742188
-196.12448120117188
-100.55582427978516
-135.7601318359375
-174.7085418701172
-206.8528289794922
-84.70747375488281
-112.03038024902344
-121.83545684814453
-143.11312866210938
-99.27314758300781
-110.45687103271484
-78.7215576171875
-337.3573303222656
-184.07215881347656
-156.5918426513672
-104.23776245117188
-318.47589111328125
-196.0791778564453
-121.16064453125
-520.6315307617188
-235.6650390625
-68.95405578613281
-333.806884765625
-113.00008392333984
-77.43168640136719
-141.62196350097656
-137.4915771484375
-205.33297729492188
-136.81739807128906
-111.59846496582031
-86.39225006103516
-306.9251403808594
-122.40496826171875
-470.48504638671875
-103.37202453613281
-144.4679718017578
-79.28457641601562
-121.58631896972656
-107.40338134765625
-110.23011016845703
-102.014892578125
-123.69720458984375
-252.18568420410156
