-55.543731689453125
-104.06989288330078
-113.5189208984375
-104.74497985839844
-152.297607421875
-91.27946472167969
-180.750244140625
-151.1396484375
-170.42462158203125
-188.5928192138672
-59.389404296875
-59.8632698059082
-90.61538696289062
-105.21614074707031
-68.14898681640625
-57.23297119140625
-49.604400634765625
-75.48442077636719
-17.88137435913086
-33.243927001953125
-60.79375076293945
-91.65135955810547
-79.7602767944336
-49.86572265625
-62.6455078125
-51.790645599365234
-19.38983154296875
-32.87868118286133
-56.58317947387695
-41.753082275390625
-603.179931640625
-78.50985717773438
-128.979736328125
-121.81268310546875
-74.13800048828125
-70.75885009765625
-87.35513305664062
-70.79853820800781
-129.327880859375
-51.633819580078125
-52.2479248046875
-65.06442260742188
-38.44544982910156
-51.513427734375
-43.83270263671875
-78.39352416992188
-49.67173385620117
-54.08154296875
-42.16278076171875
-43.149261474609375
-43.48297119140625
-50.2593994140625
-111.32704162597656
-131.447265625
-109.47975158691406
-1167.97900390625
-232.43560791015625
-1008.90283203125
-44.35877990722656
-695.6292724609375
-58.12495422363281
-675.7648315429688
-351.1622314453125
-88.23568725585938
-120.93655395507812
-119.28421020507812
-107.69744873046875
-638.2137451171875
-49.24718475341797
-460.9657897949219
-116.41006469726562
-52.27606964111328
-35.4442138671875
-50.781402587890625
-113.1529541015625
-45.76287841796875
-50.22260665893555
-162.79440307617188
-73.31783294677734
-70.28289794921875
-38.052650451660156
-47.371917724609375
-41.50639343261719
-51.711124420166016
-44.17042541503906
-51.1378173828125
-38.13604736328125
-36.3853759765625
-340.537353515625
-94.0262451171875
-43.72015380859375
-45.117698669433594
-49.67718505859375
-48.15834045410156
-55.59273147583008
-29.713134765625
-35.255958557128906
-41.873291015625
-23.33673095703125
-48.103118896484375
-64.75537109375
-43.28435516357422
-27.42142105102539
-12.736419677734375
-51.18035888671875
-50.5830078125
-33.80509948730469
-46.9404296875
-44.413330078125
-32.78251647949219
-148.5299072265625
-48.17962646484375
-62.5283203125
-57.2493896484375
-41.952720642089844
-45.198974609375
-50.76311492919922
-60.13720703125
-40.823974609375
-32.36505126953125
-103.37869262695312
-51.84375
-50.0477294921875
-109.57464599609375
-41.549407958984375
-36.84283447265625
-33.844482421875
-552.5491333007812
-458.30126953125
-47.273193359375
-66.26011657714844
-25.34701156616211
-58.36736297607422
-53.452308654785156
-39.27490234375
-48.94342041015625
-46.55848693847656
-37.79192352294922
-27.631103515625
-42.009735107421875
-82.97235107421875
-52.044403076171875
-32.69746398925781
-33.70039367675781
-34.377349853515625
-47.75
-21.59087371826172
-69.59120178222656
-50.671913146972656
-51.83134460449219
-59.58868408203125
-33.18165588378906
-60.51446533203125
-58.7935791015625
-50.915283203125
-191.08526611328125
-42.017608642578125
-69.17138671875
-37.05780029296875
-40.3800048828125
-46.379722595214844
-50.64263916015625
-33.377197265625
-180.14901733398438
-36.602691650390625
-40.022403717041016
-17.082275390625
-50.85059356689453
-44.882896423339844
-27.463180541992188
-21.61450958251953
-26.73908233642578
-53.281707763671875
-42.7083740234375
-39.8939208984375
-39.2537841796875
-51.435123443603516
-53.0521240234375
-36.43092346191406
-43.84820556640625
-59.810882568359375
-43.712669372558594
-26.165771484375
-18.537826538085938
-54.746253967285156
-36.84005355834961
-57.018310546875
-49.0899658203125
-46.96917724609375
-45.2459716796875
-46.829498291015625
-65.45657348632812
-93.345458984375
-44.098052978515625
-52.52867126464844
-58.48260498046875
-51.905189514160156
-20.042633056640625
-39.76416778564453
-63.340789794921875
-94.00927734375
-40.370670318603516
-71.3477783203125
-39.43217086791992
-37.192047119140625
-45.27349853515625
-52.85676193237305
-104.42266845703125
-117.01748657226562
-51.46209716796875
-41.18581771850586
-50.05071258544922
-36.053009033203125
-73.5634765625
-48.07979202270508
-57.56419372558594
-20.473291397094727
-49.78759765625
-52.27989196777344
-31.486616134643555
-45.206329345703125
-71.51657104492188
-62.12200927734375
-29.553260803222656
-50.41302490234375
-55.51112365722656
-32.50457763671875
-46.0164794921875
-55.099761962890625
-16.34026336669922
-49.61753845214844
-74.63264465332031
-127.60021209716797
-54.52618408203125
-55.55281066894531
-41.546875
-105.35731506347656
-50.28265380859375
-32.89268493652344
-52.82646942138672
-32.35751724243164
-123.48020935058594
-111.443115234375
-689.129638671875
-32.190040588378906
-59.908531188964844
-121.54979705810547
-173.15411376953125
-41.55781555175781
-48.160675048828125
-42.25391387939453
-45.86572265625
-51.18914031982422
-59.06658935546875
-53.351497650146484
-64.69720458984375
-80.73981475830078
-62.150146484375
-87.75567626953125
-35.05955505371094
-56.175697326660156
-48.550689697265625
-48.328678131103516
-50.12773132324219
-273.49615478515625
-66.96893310546875
-30.935211181640625
-51.399200439453125
-41.86900329589844
-61.50901794433594
-31.411758422851562
-47.3724365234375
-33.213768005371094
-30.656448364257812
-44.199012756347656
-38.10986328125
-31.950592041015625
-169.20278930664062
-25.15191650390625
-39.66590118408203
-50.821685791015625
-41.99603271484375
-37.866943359375
-36.481658935546875
-36.69391632080078
-50.266845703125
-33.25584411621094
-55.45470428466797
-55.08985137939453
-27.48773193359375
-43.584136962890625
-45.530181884765625
-47.030799865722656
-61.260345458984375
-50.133670806884766
-46.57341766357422
-51.36769485473633
-47.105072021484375
-53.67493438720703
-47.277557373046875
-28.398788452148438
-41.21107482910156
-45.04454040527344
-48.51860046386719
-45.330963134765625
-33.25788879394531
-85.7921142578125
-50.796356201171875
-43.340240478515625
-46.355224609375
-86.17926788330078
-54.785888671875
-38.02313232421875
-29.654258728027344
-45.748687744140625
-17.235305786132812
-33.731624603271484
-43.774261474609375
-47.87467956542969
-41.76483154296875
-35.06748962402344
-55.8018798828125
-8.259429931640625
-35.62407684326172
-50.05418014526367
-45.81770324707031
-59.53045654296875
-52.71180725097656
-45.79029846191406
-23.450294494628906
-43.768882751464844
-50.40547180175781
-47.69244384765625
-45.71928405761719
-36.28805160522461
-41.40564727783203
-30.125638961791992
-35.15373611450195
-78.62812042236328
-66.49505615234375
-44.637237548828125
-44.19134521484375
-37.32246398925781
-59.454383850097656
-49.379337310791016
-39.1153564453125
-35.1063232421875
-55.74176025390625
-41.163818359375
-22.8277587890625
-51.0346794128418
-59.0022087097168
-81.85919189453125
-46.49668502807617
-56.827510833740234
-32.9873046875
-48.66466522216797
-31.894302368164062
-50.4974365234375
-42.78449630737305
-52.272247314453125
-78.21347045898438
-42.6051025390625
-36.07727813720703
-48.90179443359375
-26.82904815673828
-48.42350769042969
-35.74769592285156
-31.48908233642578
-115.1727294921875
-32.436065673828125
-55.085693359375
-25.443389892578125
-32.824134826660156
-47.15826416015625
-34.193603515625
-51.036285400390625
-71.10403442382812
-31.031524658203125
-43.989891052246094
-40.83354187011719
-114.3660888671875
-50.02962112426758
-34.47760009765625
-32.89970397949219
-32.366119384765625
-47.679290771484375
-47.06901550292969
-41.719276428222656
-52.06200408935547
-41.7718505859375
-71.84617614746094
-47.39422607421875
-42.946441650390625
-34.531890869140625
-37.24261474609375
-65.0020980834961
-24.44403076171875
-45.74284744262695
-41.90460205078125
-46.42660903930664
-25.937301635742188
-49.50469970703125
-49.316558837890625
-47.63311767578125
-30.72589111328125
-26.786888122558594
-42.92079544067383
-31.535812377929688
-36.21992492675781
-45.870819091796875
-45.82881164550781
-33.1683349609375
-51.23388671875
-30.14349365234375
-48.9312744140625
-46.90087890625
-43.860382080078125
-49.64361572265625
-49.23345947265625
-39.866058349609375
-70.63685607910156
-44.28495788574219
-246.23838806152344
-17.270437240600586
-45.287384033203125
-42.60390853881836
-40.529266357421875
-41.034271240234375
-48.10162353515625
-23.528350830078125
-39.96307373046875
-49.483421325683594
-44.894805908203125
-46.24824523925781
-50.94374084472656
-12.592039108276367
-50.16357421875
-44.85284423828125
-50.34852600097656
-52.210060119628906
-92.32449340820312
-46.104248046875
-38.919586181640625
-49.16946029663086
-31.556884765625
-49.28955078125
-43.384178161621094
-72.867919921875
-38.564208984375
-60.35638427734375
-46.808837890625
-50.232696533203125
-47.95574951171875
-50.193359375
-45.160125732421875
-35.6212158203125
-42.3658447265625
-16.16019058227539
-82.81155395507812
-43.43954086303711
-50.1129150390625
-48.719482421875
-95.696044921875
-27.652069091796875
-35.596435546875
-38.53611373901367
-42.14190673828125
-50.9415397644043
-46.6080322265625
-25.033477783203125
-43.443641662597656
-45.49615478515625
-87.32795715332031
-44.215087890625
-48.794281005859375
-34.19244384765625
-25.871978759765625
-48.96891784667969
-47.558414459228516
-47.994667053222656
-103.02670288085938
-45.7845458984375
-44.520355224609375
-39.06156921386719
-32.144927978515625
-46.312744140625
-48.5728759765625
-40.48992919921875
-149.2278289794922
-33.6165771484375
-26.607345581054688
-35.10137939453125
-36.40328598022461
-48.89910888671875
-46.99285888671875
-48.93830108642578
-51.93510055541992
-32.22560119628906
-60.69476318359375
-69.88128662109375
-27.997970581054688
-31.90155029296875
-47.900794982910156
-40.67344665527344
-43.33721923828125
-36.65802001953125
-36.463157653808594
-44.24950408935547
-44.02044677734375
-59.940277099609375
-49.53052520751953
-50.289306640625
-13.375473022460938
-34.213035583496094
-31.446083068847656
-39.61883544921875
-33.26519775390625
-42.39144515991211
-46.74064254760742
-34.356597900390625
-24.51012420654297
-59.351104736328125
-29.810134887695312
-47.1842041015625
-33.057891845703125
-56.22364807128906
-26.080291748046875
-14.612247467041016
-49.50138854980469
-83.29327392578125
-46.97918701171875
-45.80699157714844
-40.09771728515625
-44.869903564453125
-36.36613082885742
-49.004600524902344
-42.096923828125
-17.55335235595703
-44.52519226074219
-51.16049575805664
-53.17237091064453
-49.70196533203125
-41.52516174316406
-54.978302001953125
-51.75959396362305
-25.206649780273438
-46.541259765625
-51.10581970214844
-89.73393249511719
-50.16094970703125
-28.350494384765625
-46.268157958984375
-48.95404052734375
-52.498565673828125
-46.3370361328125
-47.30015563964844
-38.46882629394531
-36.57794189453125
-32.87689208984375
-54.33603286743164
-42.10870361328125
-53.98121643066406
-56.63408279418945
-45.695777893066406
-35.987701416015625
-96.81198120117188
-52.081398010253906
-33.0391845703125
-47.22442626953125
-50.84385299682617
-44.50970458984375
-41.753231048583984
-35.178741455078125
-58.48876953125
-50.38908386230469
-48.895721435546875
-40.970855712890625
-60.69903564453125
-55.949951171875
-48.10762023925781
-29.4906005859375
-45.486328125
-48.086883544921875
-39.76922607421875
-47.03546142578125
-46.706085205078125
-40.63572692871094
-47.73242950439453
-36.46632385253906
-51.97393798828125
-28.541988372802734
-28.94000244140625
-20.911277770996094
-42.16661834716797
-7.985410213470459
-45.50320816040039
-36.13401794433594
-43.03802490234375
-28.305450439453125
-80.89932250976562
-105.9669189453125
-40.50164794921875
-25.613265991210938
-33.297645568847656
-40.14764404296875
-40.32152557373047
-24.584182739257812
-47.51708984375
-32.750244140625
-47.073822021484375
-25.592811584472656
-47.94853210449219
-61.335418701171875
-35.212867736816406
-50.11157989501953
-43.509002685546875
-38.71575927734375
-37.4947509765625
-29.92340087890625
-49.82538604736328
-39.888423919677734
-47.0570068359375
-45.34375
-49.735595703125
-48.57757568359375
-27.438568115234375
-49.19775390625
-56.267059326171875
-38.01776123046875
-44.357330322265625
-39.952457427978516
-47.050689697265625
-44.5634765625
-56.73152542114258
-61.892822265625
-31.24798583984375
-51.4188232421875
-48.18060302734375
-34.638031005859375
-46.123077392578125
-46.90826416015625
-47.57008361816406
-53.128692626953125
-140.4541473388672
-48.86866760253906
-29.40884017944336
-47.71881103515625
-48.46539306640625
-44.186767578125
-31.684356689453125
-105.1927490234375
-29.29582977294922
-49.267333984375
-49.28186798095703
-50.04742431640625
-52.8397331237793
-50.88140869140625
-38.548004150390625
-43.749847412109375
-51.83324432373047
-28.98504638671875
-48.51280212402344
-30.649078369140625
-42.45571517944336
-36.1328125
-33.833438873291016
-42.04207992553711
-66.67051696777344
-63.455909729003906
-29.7291259765625
-41.745513916015625
-63.101348876953125
-27.23834228515625
-32.851837158203125
-38.86407470703125
-28.914703369140625
-42.33379364013672
-50.05812072753906
-29.59857177734375
-48.47113037109375
-47.54139709472656
-56.4801025390625
-18.80792999267578
-29.76967430114746
-85.19927978515625
-35.92034912109375
-65.81350708007812
-45.51251220703125
-45.947662353515625
-48.20989990234375
-43.196746826171875
-54.04010009765625
-46.21636962890625
-80.76251220703125
-26.5064697265625
-49.75276184082031
-36.04179382324219
-45.64741516113281
-61.8453483581543
-28.31732177734375
-25.283584594726562
-46.30979919433594
-71.11593627929688
-55.89910888671875
-57.81134033203125
-45.87664794921875
-43.2408447265625
-14.574660301208496
-45.361629486083984
-44.24066162109375
-28.920177459716797
-56.815521240234375
-86.27872467041016
-23.28955078125
-47.8499755859375
-23.637710571289062
-30.494096755981445
-49.819602966308594
-33.96826171875
-20.443115234375
-50.0274658203125
-40.74397277832031
-44.336334228515625
-48.594024658203125
-51.090728759765625
-49.91764831542969
-49.76031494140625
-49.52925109863281
-62.48420715332031
-24.002254486083984
-38.14178466796875
-49.829437255859375
-50.43402862548828
-34.5914306640625
-15.521484375
-89.35310363769531
-52.25346374511719
-33.468048095703125
-45.455291748046875
-49.292388916015625
-52.27473449707031
-31.11871337890625
-41.402679443359375
-44.43963623046875
-40.52154541015625
-37.66653823852539
-48.744293212890625
-47.151275634765625
-49.041900634765625
-64.01683807373047
-68.3289794921875
-37.85697937011719
-49.117889404296875
-51.832977294921875
-48.15985107421875
-43.081451416015625
-54.209716796875
-55.813575744628906
-50.45484924316406
-42.179718017578125
-44.7376708984375
-50.138160705566406
-47.318580627441406
-45.618309020996094
-46.346923828125
-36.009620666503906
-49.57537841796875
-50.883544921875
-43.697479248046875
-57.41513442993164
-49.44873046875
-51.530120849609375
-58.34503173828125
-39.088165283203125
-46.34112548828125
-22.383209228515625
-46.71002197265625
-55.08729934692383
-49.992523193359375
-52.1087646484375
-32.03460693359375
-50.06036376953125
-104.81161499023438
-118.86101531982422
-39.91937255859375
-27.448699951171875
-32.49980163574219
-42.51603698730469
-45.710723876953125
-18.258079528808594
-27.771366119384766
-38.440643310546875
-44.241424560546875
-41.17608642578125
-84.48779296875
-45.820281982421875
-44.70659637451172
-30.295930862426758
-37.479156494140625
-33.3516845703125
-50.457611083984375
-34.243812561035156
-48.992767333984375
-60.71624755859375
-45.440155029296875
-29.4122314453125
-26.582237243652344
-52.5853271484375
-43.13725280761719
-34.2362060546875
-33.06109619140625
-47.57898712158203
-61.84033966064453
-33.26080322265625
-38.29405212402344
-56.73296356201172
-51.585548400878906
-21.301185607910156
-29.219093322753906
-11.672462463378906
-50.478660583496094
-71.42953491210938
-9.557388305664062
-50.781341552734375
-42.24200439453125
-66.63479614257812
-26.90874481201172
-57.94398498535156
-40.610443115234375
-52.394805908203125
-49.62530517578125
-39.991363525390625
-39.06315612792969
-34.5616455078125
-32.773590087890625
-65.91703796386719
-39.05108642578125
-42.155029296875
-59.39120101928711
-44.254127502441406
-43.832069396972656
-49.65113067626953
-28.182435989379883
-23.0780029296875
-16.98558807373047
-32.282012939453125
-17.875286102294922
-54.639678955078125
-50.56260681152344
-55.69026184082031
-16.089111328125
-49.46772003173828
-45.47901153564453
-51.17377471923828
-50.92462158203125
-49.156524658203125
-50.341339111328125
-48.040313720703125
-79.65625
-33.208030700683594
-26.854766845703125
-41.7396240234375
-50.6387939453125
-54.566253662109375
-24.584732055664062
-32.50091552734375
-43.3077392578125
-43.928497314453125
-44.937713623046875
-24.93695068359375
-31.75555419921875
-30.446044921875
-25.452224731445312
-31.4520263671875
-31.528038024902344
-37.36407470703125
-49.281951904296875
-42.49383544921875
-48.117759704589844
-49.77677917480469
-56.38426208496094
-53.152984619140625
-31.703231811523438
-27.919097900390625
-30.745777130126953
-34.65211486816406
-54.05853271484375
-43.26401901245117
-29.179733276367188
-53.6575927734375
-24.44165802001953
-34.08001708984375
-52.93370819091797
-42.28680419921875
-33.38702392578125
-32.308624267578125
-48.5038948059082
-17.105560302734375
-53.11737060546875
-39.53620147705078
-25.43177604675293
-46.262542724609375
-21.710205078125
-37.9769287109375
-48.68284606933594
-36.37211227416992
-45.120079040527344
-36.94268798828125
-57.8120231628418
-37.52978515625
-54.83843994140625
-50.79243469238281
-46.2283935546875
-48.948150634765625
-43.35076904296875
-50.14630126953125
-36.826568603515625
-32.029335021972656
-39.410919189453125
-52.18098068237305
-48.48128890991211
-83.06707763671875
-40.6495475769043
-51.074615478515625
-20.543113708496094
-49.82212829589844
-43.736480712890625
-26.161422729492188
-44.168399810791016
-35.336090087890625
-38.8829345703125
-47.131103515625
-36.254966735839844
-29.445831298828125
-26.079387664794922
-48.63414001464844
-48.161964416503906
-49.588951110839844
-51.353729248046875
-30.687179565429688
-31.75806427001953
-55.23442077636719
-40.7386474609375
-48.496795654296875
-18.417098999023438
-53.052913665771484
-9.009223937988281
-36.4166259765625
-51.031158447265625
-30.346160888671875
-43.101806640625
-46.42585754394531
-34.46812438964844
-47.387359619140625
-53.66998291015625
-65.61801147460938
-43.886810302734375
-29.98388671875
-38.6514892578125
-50.130706787109375
-45.01654052734375
-52.22625732421875
-50.17755126953125
-50.120330810546875
-39.991851806640625
-48.562049865722656
-48.17535400390625
-66.42546081542969
-47.98338317871094
-54.54144287109375
-25.770233154296875
-58.73101806640625
-48.14501190185547
-48.214111328125
-50.00029754638672
-35.35504150390625
-38.63893127441406
-50.3717041015625
-63.27555847167969
-29.119049072265625
-51.61717224121094
-33.61834716796875
-29.212100982666016
-48.93914794921875
-60.03289794921875
-28.39947509765625
-46.63092041015625
-48.69422912597656
-8.53943920135498
-35.264617919921875
-79.0460205078125
-36.41798400878906
-52.276153564453125
-34.1553955078125
-126.0311279296875
-22.725341796875
-52.604026794433594
-32.05963134765625
-56.77021789550781
-33.548431396484375
-33.1313591003418
-43.73846435546875
-26.463470458984375
-20.892404556274414
-38.065277099609375
-54.661376953125
-47.554176330566406
-49.23200988769531
-52.88616943359375
-50.98965072631836
-49.82038879394531
-49.75888442993164
-50.00994873046875
-49.56341552734375
-43.17503356933594
-23.937515258789062
-46.58717346191406
-66.2822265625
-66.51101684570312
-51.03828430175781
-27.755001068115234
-47.38372802734375
-29.738861083984375
-45.913360595703125
-68.05908203125
-44.01802062988281
-47.78375244140625
-15.315017700195312
-26.779842376708984
-32.21898651123047
-44.83332061767578
-88.44747924804688
-45.5050048828125
-32.20379638671875
-29.18383026123047
-52.573699951171875
-34.51219940185547
-44.977378845214844
-56.7918701171875
-47.979331970214844
-22.1961669921875
-36.69108581542969
-42.844635009765625
-53.746185302734375
-42.965667724609375
-35.459590911865234
-48.23347473144531
-46.049774169921875
-46.32450866699219
-25.40179443359375
-49.580970764160156
-45.36323928833008
-34.332122802734375
-53.95611572265625
-30.686325073242188
-49.89337158203125
-50.671417236328125
-45.244632720947266
-43.11492156982422
-37.02764892578125
-44.98249053955078
-60.456085205078125
-37.9600830078125
-37.09918212890625
-34.16395568847656
-38.45069885253906
-40.817779541015625
-38.82317352294922
-47.03753662109375
-49.83038330078125
-76.21514892578125
-54.72674560546875
-44.37022399902344
-46.30326843261719
-25.288875579833984
-27.698272705078125
-30.89630126953125
-49.93096923828125
-28.890872955322266
-42.04566955566406
-51.33872985839844
-47.08697509765625
-35.841339111328125
-30.02642822265625
-50.759765625
-52.804542541503906
-25.609756469726562
-55.21649169921875
-42.183109283447266
-49.40282440185547
-1167.9156494140625
-49.783287048339844
-40.50679016113281
-31.842315673828125
-50.34829330444336
-65.433349609375
-50.38963317871094
-52.36029052734375
-54.39886474609375
-51.56028747558594
-42.6849365234375
-29.047271728515625
-47.30267333984375
-36.46099853515625
-40.4080810546875
-61.264278411865234
-29.904449462890625
-46.0374755859375
-60.514366149902344
-46.85498046875
-59.685585021972656
-24.475753784179688
-14.058866500854492
-41.85231399536133
-48.25897216796875
-45.62792205810547
-45.8092041015625
-52.95472717285156
-46.462677001953125
-48.30987548828125
-30.281723022460938
-34.0560302734375
-48.60223388671875
-39.82310485839844
-49.55799865722656
-45.24871826171875
-39.867156982421875
-129.53924560546875
-42.378318786621094
-39.472320556640625
-43.99351501464844
-51.78326416015625
-70.93658447265625
-52.95875549316406
-25.97576904296875
-31.773056030273438
-51.04310607910156
-34.09089279174805
-29.9517822265625
-35.662879943847656
-44.91503143310547
-31.048065185546875
-84.008056640625
-49.676025390625
-44.07469177246094
-54.429443359375
-47.18360900878906
-47.597015380859375
-52.233848571777344
-51.72300720214844
-32.54095458984375
-41.161773681640625
-65.25262451171875
-28.206363677978516
-43.7484130859375
-47.72636413574219
-49.64419174194336
-53.31940460205078
-56.954833984375
-55.94446563720703
-29.596654891967773
-53.742889404296875
-26.73101806640625
-50.267547607421875
-47.581024169921875
-40.38587951660156
-60.3094482421875
-60.2579345703125
-47.97235107421875
-32.19166564941406
-89.16511535644531
-11.414764404296875
-48.9947509765625
-72.11832427978516
-40.060272216796875
-43.204559326171875
-47.98785400390625
-58.087646484375
-36.48503112792969
-30.01637840270996
-43.267547607421875
-40.499603271484375
-57.522850036621094
-36.858978271484375
-47.8250846862793
-48.587730407714844
-24.504638671875
-66.89216613769531
-19.573223114013672
-31.25714111328125
-45.162811279296875
-38.28616714477539
-24.1798095703125
-49.603759765625
-110.88514709472656
-25.6417236328125
-53.351959228515625
-49.05242156982422
-47.769287109375
-69.60553741455078
-52.1900634765625
-34.81158447265625
-47.098846435546875
-52.30901336669922
-13.677658081054688
-31.893707275390625
-47.431663513183594
-71.60884094238281
-18.229782104492188
-52.09528350830078
-40.95427322387695
-40.0095329284668
-36.234527587890625
-50.47152328491211
-28.39697265625
-48.843528747558594
-84.73773193359375
-41.09004211425781
-58.89616394042969
-40.119110107421875
-51.98955535888672
-52.32623291015625
-33.79315185546875
-57.09960174560547
-39.87124252319336
-43.968868255615234
-67.6982421875
-35.98045349121094
-45.201171875
-53.554256439208984
-31.61309814453125
-78.87287902832031
-49.466796875
-70.71844482421875
-25.335052490234375
-71.9813232421875
-53.009979248046875
-53.60650634765625
-84.29998779296875
-11.80330753326416
-50.4517707824707
-55.041900634765625
-47.717185974121094
-57.9957275390625
-48.0748291015625
-36.577049255371094
-45.14447021484375
-24.271575927734375
-48.77900695800781
-35.41510009765625
-49.52313232421875
-29.54022216796875
-51.3067626953125
-37.0555419921875
-40.6630859375
-47.310890197753906
-22.05889320373535
-17.7926025390625
-32.772865295410156
-57.482479095458984
-36.59033203125
-50.553558349609375
-66.55145263671875
-52.5194091796875
-61.108184814453125
-33.283660888671875
-59.779541015625
-51.636627197265625
-46.2047119140625
-47.80332946777344
-24.456893920898438
-56.40016174316406
-48.744056701660156
-52.039207458496094
-51.51372528076172
-47.508209228515625
-50.578033447265625
-44.90045166015625
-61.375946044921875
-83.5037841796875
-92.0907211303711
-51.12080383300781
-33.001136779785156
-41.35356903076172
-36.06884002685547
-43.932373046875
-29.28556251525879
-44.124267578125
-45.71697998046875
-33.9957275390625
-39.03550720214844
-26.786468505859375
-32.17962646484375
-39.01263427734375
-31.408485412597656
-38.026824951171875
-28.976417541503906
-29.680255889892578
-58.02288818359375
-42.016212463378906
-49.69683837890625
-50.03665542602539
-70.81390380859375
-386.7967529296875
-47.947998046875
-44.918701171875
-58.957305908203125
-51.279815673828125
-42.59869384765625
-33.66119384765625
-53.25010681152344
-48.85247802734375
-41.374755859375
-53.066650390625
-112.24403381347656
-61.15850830078125
-37.63056564331055
-35.68836975097656
-45.84440612792969
-39.0872802734375
-58.04815673828125
-36.54693603515625
-48.00762939453125
-35.240234375
-27.884857177734375
-41.953216552734375
-25.568267822265625
-31.9937744140625
-51.068359375
-50.12261962890625
-65.33746337890625
-62.1568603515625
-54.15234375
-70.7469482421875
-42.16973876953125
-48.00750732421875
-36.811279296875
-27.830270767211914
-48.65814208984375
-49.01220703125
-46.5418701171875
-35.42451477050781
-54.67431640625
-11.839959144592285
-55.397186279296875
-49.969512939453125
-48.51837158203125
-65.90374755859375
-55.27516174316406
-56.72491455078125
-51.99554443359375
-167.40960693359375
-41.45849609375
-46.849884033203125
-38.3883056640625
-34.523651123046875
-33.69502258300781
-42.60992431640625
-29.728927612304688
-46.903202056884766
-42.623779296875
-31.061767578125
-35.675926208496094
-49.91929626464844
-42.824195861816406
-150.47166442871094
-63.62788391113281
-46.23126220703125
-43.516632080078125
-50.109893798828125
-53.74571990966797
-28.2772216796875
-42.72021484375
-47.8758544921875
-28.273775100708008
-25.710708618164062
-88.48516082763672
-32.02679443359375
-51.26385498046875
-36.595947265625
-96.26205444335938
-48.97418212890625
-48.46673583984375
-28.712295532226562
-48.281768798828125
-55.76222229003906
-49.61650848388672
-45.99812316894531
-76.29882049560547
-43.959014892578125
-71.60490417480469
-59.68946838378906
-53.983642578125
-53.65058898925781
-83.067138671875
-48.628753662109375
-42.778076171875
-33.37825012207031
-45.15985107421875
-26.351730346679688
-51.13299560546875
-45.30937194824219
-52.0779914855957
-76.3648681640625
-47.075927734375
-14.616386413574219
-60.17231750488281
-79.58447265625
-46.833038330078125
-39.58074951171875
-33.0955810546875
-42.3582763671875
-45.512596130371094
-61.892608642578125
-50.083717346191406
-55.78776550292969
-44.71324157714844
-40.10028076171875
-53.16136169433594
-31.997314453125
-52.74567413330078
-43.71733093261719
-35.44239044189453
-47.595794677734375
-51.91828536987305
-35.48910140991211
-48.726715087890625
-46.6436767578125
-96.64154815673828
-39.1533088684082
-24.897018432617188
-51.54029846191406
-53.0306396484375
-40.343963623046875
-36.248512268066406
-54.168792724609375
-36.51994323730469
-49.668121337890625
-78.57131958007812
-81.63079833984375
-49.10612487792969
-48.865753173828125
-38.401611328125
-14.292327880859375
-47.605377197265625
-52.71239471435547
-20.811859130859375
-45.46260070800781
-41.102874755859375
-44.43438720703125
-54.17017364501953
-35.63941955566406
-38.4423828125
-253.95411682128906
-33.35099792480469
-17.92999267578125
-56.46553039550781
-42.074493408203125
-89.61740112304688
-48.61798095703125
-48.378910064697266
-19.135215759277344
-51.600311279296875
-53.52250671386719
-71.70663452148438
-48.555755615234375
-52.97974395751953
-29.81945037841797
-29.081771850585938
-89.5416259765625
-39.6434326171875
-52.034271240234375
-53.69140625
-18.756515502929688
-26.295669555664062
-137.46502685546875
-35.34979248046875
-28.708450317382812
-58.60014343261719
-34.117431640625
-49.22283935546875
-105.81084442138672
-36.34356689453125
-58.4075927734375
-48.933258056640625
-46.1444091796875
-33.94683837890625
-49.618194580078125
-98.48104858398438
-54.56199264526367
-34.52147674560547
-56.12492370605469
-45.02728271484375
-31.643280029296875
-39.7552490234375
-30.794876098632812
-44.273193359375
-42.178131103515625
-305.6907958984375
-57.710693359375
-47.32354736328125
-49.56988525390625
-34.73431396484375
-20.439483642578125
-51.25909423828125
-52.15289306640625
-53.82476806640625
-43.59026336669922
-32.09869384765625
-43.04893112182617
-49.4998779296875
-57.3992919921875
-41.2572021484375
-26.676361083984375
-78.80125427246094
-58.57958984375
-53.251953125
-49.95537567138672
-27.0201416015625
-52.653568267822266
-51.50560760498047
-47.47698974609375
-52.7353515625
-31.940887451171875
-33.83515167236328
-30.582202911376953
-37.80118179321289
-54.5926513671875
-56.12831115722656
-56.01507568359375
-79.10574340820312
-100.86480712890625
-87.59015655517578
-41.51697540283203
-45.6207275390625
-58.52629852294922
-48.45240783691406
-44.23904037475586
-44.174713134765625
-53.5260009765625
-81.91839599609375
-48.68503189086914
-19.132904052734375
-48.433563232421875
-108.87210083007812
-42.6431884765625
-52.8775634765625
-111.49334716796875
-31.422607421875
-49.01280212402344
-41.5369873046875
-34.95751953125
-44.440887451171875
-51.869903564453125
-63.98565673828125
-57.42169189453125
-54.1517333984375
-156.95556640625
-51.024658203125
-147.07568359375
-34.612457275390625
-11.193782806396484
-52.07403564453125
-34.45829772949219
-50.067779541015625
-50.916290283203125
-37.14013671875
-44.26580810546875
-45.93849563598633
-51.1391716003418
-25.25726318359375
-53.76850891113281
-42.3607177734375
-33.45692443847656
-38.18988037109375
-12.79056167602539
-51.295284271240234
-64.70712280273438
-55.41015625
-19.021560668945312
-44.69992446899414
-31.672271728515625
-50.64064025878906
-36.541900634765625
-25.392486572265625
-23.833786010742188
-21.1492919921875
-49.15215301513672
-52.53636169433594
-33.73077392578125
-51.96798324584961
-49.42437744140625
-41.15643310546875
-72.21295166015625
-44.12469482421875
-33.07987976074219
-49.757568359375
-40.44622802734375
-31.447219848632812
-30.9993896484375
-50.02484130859375
-31.392545700073242
-66.60828399658203
-66.99234008789062
-56.134124755859375
-44.73375701904297
-35.9210205078125
-41.20909881591797
-69.08186340332031
-54.27056884765625
-53.836090087890625
-33.98358154296875
-37.4453125
-34.50244140625
-54.934295654296875
-49.294673919677734
-50.7911376953125
-29.963088989257812
-52.95263671875
-36.47072982788086
-36.92604064941406
-70.56866455078125
-79.61516571044922
-52.30419921875
-16.336971282958984
-52.3348388671875
-36.78804016113281
-40.0152587890625
-66.3607177734375
-46.93170166015625
-33.00484848022461
-55.985198974609375
-76.19019317626953
-33.49720764160156
-46.874305725097656
-15.349542617797852
-34.827392578125
-45.685791015625
-55.029762268066406
-54.779052734375
-49.94786071777344
-8.772880554199219
-55.53125762939453
-37.92243194580078
-53.75084686279297
-51.093719482421875
-49.071258544921875
-33.26375961303711
-49.88677978515625
-29.837688446044922
-42.142181396484375
-67.77809143066406
-33.06842041015625
-55.57667541503906
-43.861724853515625
-53.23785400390625
-33.8055305480957
-41.126220703125
-34.163291931152344
-52.57990264892578
-54.82819366455078
-51.97395324707031
-56.3306884765625
-52.756591796875
-32.77949142456055
-25.612075805664062
-52.88556671142578
-55.24256134033203
-49.89330291748047
-52.40618896484375
-49.7252197265625
-34.32569885253906
-57.78717041015625
-419.71038818359375
-262.27105712890625
-86.47540283203125
-39.649993896484375
-37.803619384765625
-61.176177978515625
-42.91497802734375
-49.028656005859375
-27.14752197265625
-20.944671630859375
-46.714874267578125
-36.33380126953125
-20.539398193359375
-47.43159484863281
-43.920196533203125
-41.58319091796875
-40.8028564453125
-40.6512451171875
-64.65362548828125
-30.11988639831543
-28.90899658203125
-59.0478515625
-68.367919921875
-32.191070556640625
-51.45806884765625
-57.98463439941406
-53.19671630859375
-32.159889221191406
-45.2462158203125
-52.444244384765625
-37.35664367675781
-48.790771484375
-195.47174072265625
-59.00714111328125
-52.31571960449219
-29.6790771484375
-52.32405471801758
-61.21429443359375
-65.74569702148438
-48.69505310058594
-26.835403442382812
-29.334243774414062
-53.329498291015625
-26.97637176513672
-460.05645751953125
-37.2576904296875
-44.1343994140625
-39.61590576171875
-40.558834075927734
-230.28286743164062
-50.13397216796875
-32.36920166015625
-48.99444580078125
-26.299171447753906
-42.67951965332031
-35.0743408203125
-49.799835205078125
-42.78254699707031
-31.8541259765625
-46.746253967285156
-55.26141357421875
-73.32270812988281
-37.09454345703125
-44.840545654296875
-32.19622802734375
-38.827301025390625
-55.32508087158203
-24.440826416015625
-54.7718505859375
-44.62303924560547
-57.97509765625
-47.280517578125
-47.57684326171875
-53.908355712890625
-35.9701042175293
-39.61505889892578
-49.068016052246094
-38.20086669921875
-34.96929931640625
-21.72797393798828
-28.059494018554688
-635.542236328125
-46.19500732421875
-45.65778350830078
-32.52642822265625
-1082.959228515625
-37.2403564453125
-45.83588409423828
-37.24569320678711
-30.975860595703125
-27.057647705078125
-43.555503845214844
-49.6998291015625
-38.465660095214844
-48.30615234375
-46.016876220703125
-35.64984130859375
-49.024681091308594
-36.95343017578125
-43.790618896484375
-31.34941864013672
-52.85462951660156
-15.73917007446289
-21.784751892089844
-54.525634765625
-60.22505187988281
-46.198699951171875
-27.643035888671875
-28.726776123046875
-48.93943786621094
-39.52716064453125
-39.161041259765625
-15.592140197753906
-29.721405029296875
-80.18714904785156
-46.03675842285156
-31.276580810546875
-53.44879150390625
-257.757080078125
-54.02626037597656
-53.761260986328125
-38.391517639160156
-45.641357421875
-54.47724914550781
-31.77569580078125
-53.33000946044922
-29.303823471069336
-31.2218017578125
-39.15308380126953
-75.02395629882812
-28.7703857421875
-67.63273620605469
-31.753662109375
-28.91292381286621
-50.4515380859375
-34.899322509765625
-36.68058395385742
-46.160037994384766
-55.42488098144531
-29.798797607421875
-49.7823486328125
-141.9583282470703
-50.7841796875
-27.085765838623047
-35.6485595703125
-56.075050354003906
-50.001914978027344
-80.39639282226562
-54.81982421875
-34.7744140625
-51.06744384765625
-47.29296875
-37.94525146484375
-9.55303955078125
-20.49091339111328
-38.99031066894531
-19.51983642578125
-52.00251770019531
-54.34855270385742
-14.990997314453125
-50.18617248535156
-49.375
-38.62646484375
-51.39317321777344
-34.27581787109375
-53.77533721923828
-48.91973876953125
-48.75547790527344
-28.132186889648438
-49.5145263671875
-46.02081298828125
-260.4964294433594
-39.41853332519531
-35.3013916015625
-40.85302734375
-76.77701568603516
-59.1578369140625
-48.591163635253906
-37.999855041503906
-31.491981506347656
-10.501673698425293
-45.28594970703125
-33.9906005859375
-73.6226806640625
-25.34344482421875
-52.83677673339844
-24.881103515625
-38.65093994140625
-29.328277587890625
-388.6249694824219
-23.1607666015625
-29.319904327392578
-45.350830078125
-54.4652099609375
-41.535797119140625
-46.289337158203125
-53.012969970703125
-51.32701110839844
-17.166610717773438
-47.41845703125
-27.693782806396484
-52.89117431640625
-53.99559783935547
-51.65313720703125
-43.4114990234375
-57.844749450683594
-46.27130126953125
-24.372421264648438
-60.3662109375
-27.1976318359375
-55.4609375
-25.234619140625
-58.39208984375
-40.198974609375
-52.99876403808594
-43.812469482421875
-55.960235595703125
-54.95934295654297
-18.465656280517578
-162.0999755859375
-42.80999755859375
-74.18038177490234
-34.74676513671875
-49.638023376464844
-58.6356201171875
-47.055145263671875
-44.641357421875
-36.3363037109375
-94.75640869140625
-46.016693115234375
-52.607147216796875
-51.93379211425781
-22.83942413330078
-52.2474365234375
-56.611480712890625
-76.1904067993164
-41.70268249511719
-54.45679473876953
-30.45916748046875
-78.00037384033203
-51.200286865234375
-42.752044677734375
-28.925262451171875
-35.9400634765625
-32.262725830078125
-52.18708801269531
-63.68949890136719
-58.338653564453125
-51.463661193847656
-41.03143310546875
-35.519432067871094
-59.39524841308594
-66.2010498046875
-33.169464111328125
-49.964027404785156
-48.90690612792969
-36.88038635253906
-47.02197265625
-49.5242919921875
-16.073524475097656
-320.10247802734375
-50.9937744140625
-37.7752685546875
-51.693115234375
-50.6846923828125
-34.308265686035156
-51.56220245361328
-53.233245849609375
-38.08599853515625
-47.14433288574219
-54.06388854980469
-46.701904296875
-50.533790588378906
-73.70846557617188
-54.8450927734375
-49.05426025390625
-32.275550842285156
-44.97618103027344
-40.5001220703125
-30.58447265625
-52.697662353515625
-41.21522521972656
-52.20374298095703
-7.910366058349609
-52.57061767578125
-56.24755096435547
-51.976593017578125
-56.1748046875
-50.25555419921875
-46.8114013671875
-32.144134521484375
-34.32152557373047
-55.453369140625
-60.32305908203125
-36.006500244140625
-131.8535614013672
-19.683563232421875
-43.58173370361328
-41.68860626220703
-17.84210205078125
-36.323638916015625
-78.3349609375
-47.59002685546875
-51.890899658203125
-40.34397888183594
-37.9638671875
-53.888092041015625
-47.42724609375
-36.4219970703125
-44.896942138671875
-35.636802673339844
-39.23161315917969
-68.173095703125
-42.71832275390625
-51.0941162109375
-56.66668701171875
-49.60626220703125
-44.508392333984375
-37.00538635253906
-43.3720703125
-129.78915405273438
-66.91650390625
-13.459239959716797
-53.861968994140625
-28.864999771118164
-44.10279846191406
-46.606903076171875
-51.328155517578125
-52.40912628173828
-10.52618408203125
-46.549713134765625
-74.39859008789062
-45.49140167236328
-57.857818603515625
-57.955108642578125
-43.24699401855469
-52.35491943359375
-31.921524047851562
-39.28076171875
-52.03814697265625
-39.07757568359375
-51.52276611328125
-46.300567626953125
-34.728271484375
-236.28890991210938
-70.17967987060547
-45.550262451171875
-38.28471374511719
-49.35675048828125
-52.67906188964844
-242.75865173339844
-21.373016357421875
-82.26344299316406
-54.61199188232422
-33.18304443359375
-57.349609375
-61.54107666015625
-43.06208419799805
-29.007659912109375
-51.840179443359375
-54.45378112792969
-46.28055953979492
-52.913963317871094
-80.390625
-40.598663330078125
-24.308349609375
-45.91217041015625
-59.993682861328125
-46.08526611328125
-51.13898468017578
-54.08110046386719
-75.25260162353516
-53.10420227050781
-33.692138671875
-16.640213012695312
-51.357688903808594
-34.112518310546875
-54.79656982421875
-71.23487854003906
-33.765289306640625
-134.0867156982422
-81.421142578125
-51.23590087890625
-33.58807373046875
-121.23583984375
-54.6810302734375
-31.75799560546875
-50.596435546875
-16.2724609375
-43.33384704589844
-50.22880554199219
-207.0172882080078
-46.943443298339844
-76.96154022216797
-29.2965087890625
-57.693058013916016
-34.172332763671875
-41.993255615234375
-382.44757080078125
-50.37828826904297
-55.3466796875
-46.145263671875
-40.73309326171875
-51.65087890625
-34.4393310546875
-36.78717041015625
-52.1187858581543
-73.19432830810547
-32.084991455078125
-128.85293579101562
-59.79109191894531
-54.787353515625
-48.40179443359375
-38.86756896972656
-54.64600372314453
-53.971435546875
-48.02349853515625
-42.776397705078125
-44.9254150390625
-103.40200805664062
-114.0963134765625
-57.1783447265625
-40.34149169921875
-84.44711303710938
-33.95777893066406
-53.86334228515625
-48.3514404296875
-40.90869140625
-22.001220703125
-37.832763671875
-47.5447998046875
-34.86560821533203
-21.472816467285156
-58.36572265625
-70.1252670288086
-54.726165771484375
-8.742355346679688
-53.220977783203125
-60.580322265625
-41.28038024902344
-50.741355895996094
-33.3179931640625
-49.07012176513672
-243.25732421875
-31.1898193359375
-40.983123779296875
-45.150634765625
-48.28033447265625
-53.09806823730469
-47.93798828125
-52.001922607421875
-36.72855758666992
-46.51919174194336
-41.83111572265625
-55.51043701171875
-16.898714065551758
-48.455657958984375
-50.42302703857422
-72.94894409179688
-26.396560668945312
-47.002960205078125
-46.5424919128418
-60.81529235839844
-57.667724609375
-86.69659423828125
-46.23420715332031
-42.553863525390625
-52.2288818359375
-35.882293701171875
-51.23094177246094
-85.6404800415039
-39.3173828125
-58.521575927734375
-45.29588317871094
-51.41044616699219
-42.4677734375
-39.41156005859375
-34.83209228515625
-57.75968933105469
-11.519218444824219
-35.75343322753906
-135.55502319335938
-49.605377197265625
-51.421669006347656
-52.73560333251953
-32.16680908203125
-32.56617736816406
-58.337989807128906
-37.09953308105469
-37.675193786621094
-27.75567626953125
-35.853729248046875
-51.1590576171875
-48.22802734375
-62.440582275390625
-37.76082992553711
-20.83310317993164
-48.84349822998047
-41.22144317626953
-24.5096435546875
-43.36204528808594
-47.72904586791992
-45.527099609375
-32.36363220214844
-43.10777282714844
-29.384300231933594
-37.13482666015625
-39.883262634277344
-52.61104965209961
-88.729736328125
-41.20635223388672
-50.924163818359375
-41.02817916870117
-51.7691650390625
-54.33484649658203
-30.29180908203125
-52.1583137512207
-22.159046173095703
-55.33230972290039
-40.060279846191406
-66.63980102539062
-40.087493896484375
-49.802162170410156
-53.0888671875
-48.98370361328125
-40.06769561767578
-425.72662353515625
-31.30925750732422
-51.275665283203125
-108.1065673828125
-45.5241584777832
-31.14324188232422
-52.801025390625
-39.09393310546875
-50.796329498291016
-33.56884765625
-37.55205535888672
-25.67552947998047
-46.751373291015625
-45.32366943359375
-61.86814880371094
-32.85005187988281
-49.068206787109375
-92.45204162597656
-76.88037872314453
-32.31884002685547
-44.40771484375
-67.39645385742188
-18.708465576171875
-50.8837890625
-40.595458984375
-46.2210693359375
-41.4140625
-41.0738525390625
-47.1982421875
-43.30546569824219
-51.65785217285156
-37.97166442871094
-33.8148193359375
-24.009843826293945
-617.917236328125
-40.131317138671875
-45.44548797607422
-93.72320556640625
-41.17138671875
-13.818792343139648
-48.7083740234375
-69.55721282958984
-32.98094177246094
-22.045257568359375
-25.136005401611328
-45.13356018066406
-49.13892364501953
-58.8885383605957
-38.04661560058594
-50.769744873046875
-43.86395263671875
-29.630287170410156
-35.47450256347656
-35.27066421508789
-90.36775970458984
-48.533477783203125
-34.03655242919922
-20.91101837158203
-28.9705810546875
-31.823810577392578
-46.246185302734375
-25.977874755859375
-52.29931640625
-47.83905029296875
-58.851806640625
-47.4503173828125
-37.98553466796875
-50.375823974609375
-40.453125
-36.841285705566406
-35.84830856323242
-47.892669677734375
-34.504669189453125
-50.498077392578125
-47.239227294921875
-53.759666442871094
-47.197471618652344
-46.23228454589844
-32.392494201660156
-40.710205078125
-57.12841796875
-34.2110595703125
-31.555328369140625
-61.232643127441406
-56.40673828125
-47.352806091308594
-33.75634765625
-292.4214782714844
-43.815765380859375
-52.36295700073242
-53.408935546875
-74.27085876464844
-34.0028076171875
-45.9952392578125
-42.5205078125
-47.73051452636719
-51.290000915527344
-37.45123291015625
-31.286331176757812
-53.826934814453125
-31.58917236328125
-48.80934143066406
-63.93597412109375
-52.955989837646484
-50.640228271484375
-37.719573974609375
-46.649658203125
-37.578338623046875
-45.94749069213867
-47.056983947753906
-54.22532653808594
-42.345123291015625
-75.07585144042969
-36.21092224121094
-49.250396728515625
-112.41653442382812
-26.672088623046875
-53.01055908203125
-58.548095703125
-59.89306640625
-42.62782287597656
-39.0687255859375
-36.029850006103516
-125.42741394042969
-46.41656494140625
-94.88932800292969
-64.97383117675781
-35.26580810546875
-34.5782470703125
-33.50714111328125
-39.80314636230469
-36.4930419921875
-21.036293029785156
-103.028076171875
-59.22246551513672
-39.45763397216797
-160.69371032714844
-50.77184295654297
-52.70360565185547
-27.686595916748047
-54.28129577636719
-53.336387634277344
-51.04254150390625
-31.760986328125
-53.45713806152344
-37.11112976074219
-49.78424072265625
-41.315673828125
-54.50341796875
-38.01313018798828
-46.86231994628906
-30.9527587890625
-301.40802001953125
-43.033447265625
-33.01262664794922
-38.682899475097656
-57.803977966308594
-33.26264190673828
-51.656986236572266
-54.73780822753906
-12.634048461914062
-35.29815673828125
-51.91685485839844
-49.20196533203125
-33.49267578125
-29.802230834960938
-35.76123046875
-37.68524169921875
-67.03640747070312
-44.44879150390625
-48.769691467285156
-44.92008972167969
-38.32575988769531
-47.7825927734375
-7.37969970703125
-64.4092788696289
-53.2066650390625
-32.7249755859375
-39.29087829589844
-58.932220458984375
-30.036590576171875
-35.3692626953125
-121.23181915283203
-48.158714294433594
-93.870849609375
-56.814697265625
-65.12059020996094
-128.11172485351562
-123.60458374023438
-36.203125
-52.0438232421875
-30.925491333007812
-230.13037109375
-54.368377685546875
-40.615020751953125
-29.997451782226562
-41.118408203125
-36.98048400878906
-52.28717041015625
-20.25595474243164
-55.90654754638672
-28.189865112304688
-71.69979858398438
-41.900054931640625
-51.482566833496094
-29.493682861328125
-62.889991760253906
-50.522029876708984
-37.904296875
-49.54118347167969
-52.003875732421875
-115.32855224609375
-37.372467041015625
-66.258544921875
-82.44012451171875
-55.948638916015625
-49.10080337524414
-49.710357666015625
-34.486541748046875
-37.693450927734375
-52.631195068359375
-41.27362060546875
-70.72868347167969
-43.9954833984375
-46.24951171875
-33.29248046875
-53.7978515625
-61.9912109375
-40.4178466796875
-139.13812255859375
-35.862060546875
-39.7882080078125
-86.92033386230469
-25.86285400390625
-46.47441101074219
-49.01710510253906
-47.62975311279297
-22.72418212890625
-62.97212219238281
-28.54339599609375
-36.23016357421875
-36.21244812011719
-57.0003776550293
-32.35838317871094
-49.654449462890625
-66.72540283203125
-53.57795715332031
-46.109893798828125
-41.41438293457031
-30.95501708984375
-48.788665771484375
-52.32090759277344
-36.0562744140625
-49.96588134765625
-39.73033905029297
-39.093017578125
-37.27972412109375
-38.54005432128906
-23.55950927734375
-54.335777282714844
-49.6368408203125
-29.984451293945312
-57.68780517578125
-55.624267578125
-51.3304443359375
-42.78942108154297
-56.15869140625
-50.583984375
-15.497749328613281
-45.360382080078125
-46.99552917480469
-54.08326721191406
-28.53350830078125
-478.2510986328125
-102.8119888305664
-27.5848388671875
-36.93902587890625
-53.372314453125
-46.2197265625
-48.11956787109375
-44.69343566894531
-62.363250732421875
-41.4447021484375
-57.280029296875
-34.90892791748047
-49.931884765625
-59.7811279296875
-22.904403686523438
-44.33474349975586
-45.235107421875
-63.527976989746094
-63.724395751953125
-39.57403564453125
-25.15068817138672
-35.926727294921875
-34.22435760498047
-42.53533935546875
-38.487396240234375
-42.575042724609375
-35.2626953125
-33.13654327392578
-50.446563720703125
-33.88371658325195
-35.82927322387695
-30.020912170410156
-48.39027404785156
-104.06498718261719
-41.832000732421875
-32.96006774902344
-118.13922119140625
-49.35089874267578
-52.659027099609375
-133.35850524902344
-53.42833709716797
-51.16319274902344
-44.63543701171875
-57.38433837890625
-37.9169921875
-31.33636474609375
-49.69891357421875
-42.75408935546875
-54.55218505859375
-37.0953369140625
-89.98629760742188
-51.507057189941406
-33.20616912841797
-25.720962524414062
-31.432350158691406
-40.141082763671875
-34.09496307373047
-36.62788391113281
-51.98939514160156
-54.068603515625
