-549.3037109375
-608.4182739257812
-643.7555541992188
-1277.9136962890625
-1023.0517578125
-575.0919189453125
-983.7809448242188
-547.9503784179688
-715.519287109375
-607.6885375976562
-666.5538940429688
-774.7574462890625
-770.038330078125
-618.6842041015625
-463.2747497558594
-617.759765625
-584.5343627929688
-805.9566650390625
-808.693603515625
-707.341552734375
-775.4165649414062
-1533.912353515625
-738.024658203125
-704.4286499023438
-806.9275512695312
-526.2119140625
-858.994140625
-677.6686401367188
-579.4942626953125
-1129.0384521484375
-1807.4478759765625
-1236.4996337890625
-796.7282104492188
-843.5977783203125
-782.6514282226562
-693.968994140625
-803.4265747070312
-657.3682250976562
-927.2606811523438
-612.6917114257812
-702.3916625976562
-920.92724609375
-633.4678344726562
-656.7693481445312
-822.1876220703125
-1327.013427734375
-831.991455078125
-1158.7489013671875
-696.3753662109375
-592.052978515625
-740.3235473632812
-594.8003540039062
-894.0747680664062
-1099.3878173828125
-601.9840087890625
-2134.484375
-2699.97021484375
-1568.0517578125
-585.4306640625
-1498.456298828125
-498.57080078125
-853.6466064453125
-1118.5313720703125
-882.819580078125
-854.6455078125
-806.1463012695312
-814.6279907226562
-1586.6888427734375
-727.4315185546875
-1601.693603515625
-1379.25927734375
-593.1640625
-862.1105346679688
-496.361572265625
-666.2566528320312
-817.51171875
-688.5755615234375
-1282.190673828125
-717.2932739257812
-1072.6441650390625
-664.3290405273438
-584.3055419921875
-678.1690673828125
-569.5396118164062
-742.9627685546875
-463.8027038574219
-589.2828979492188
-637.3599853515625
-1683.7471923828125
-1896.8306884765625
-530.91796875
-783.0587158203125
-792.8177490234375
-766.1022338867188
-644.8978271484375
-1098.3984375
-659.2095336914062
-652.6256103515625
-656.2117919921875
-665.7925415039062
-1837.67724609375
-927.4868774414062
-656.089599609375
-1690.466064453125
-438.21087646484375
-549.3301391601562
-685.0104370117188
-784.4519653320312
-545.00146484375
-571.2908325195312
-1062.1884765625
-936.150146484375
-804.7836303710938
-474.4668273925781
-689.1729125976562
-999.54541015625
-1713.7674560546875
-465.6062316894531
-614.6666870117188
-844.89404296875
-1218.51318359375
-642.4605102539062
-789.5982666015625
-1320.0665283203125
-636.4634399414062
-790.5242919921875
-680.7777709960938
-2045.4871826171875
-1522.0780029296875
-636.141845703125
-960.6827392578125
-959.5650634765625
-1033.260986328125
-966.8388671875
-1159.515869140625
-888.7332153320312
-829.2576293945312
-918.3841552734375
-834.413818359375
-784.88427734375
-1124.243896484375
-737.2193603515625
-714.7525024414062
-1189.0802001953125
-1204.1529541015625
-726.4408569335938
-838.0861206054688
-1086.5633544921875
-821.465087890625
-971.788818359375
-851.3153686523438
-781.2520751953125
-662.1860961914062
-700.98291015625
-461.06781005859375
-1165.678955078125
-1181.9779052734375
-884.2625732421875
-1159.355712890625
-1006.521484375
-1155.02734375
-592.7628173828125
-664.5413208007812
-2647.6005859375
-780.539306640625
-742.4998168945312
-609.8615112304688
-585.9901733398438
-753.0366821289062
-965.0933837890625
-615.0393676757812
-965.4542846679688
-1341.935791015625
-802.6363525390625
-1046.0482177734375
-1058.1895751953125
-1216.3701171875
-1151.403076171875
-694.8746337890625
-1006.4215087890625
-1093.7816162109375
-725.8269653320312
-1068.0516357421875
-677.0588989257812
-1062.7530517578125
-638.8966674804688
-636.6051635742188
-1063.3299560546875
-693.0626220703125
-713.1480102539062
-734.7577514648438
-737.5103759765625
-1147.9027099609375
-952.9396362304688
-638.5049438476562
-580.1629028320312
-624.1533813476562
-593.602783203125
-614.2430419921875
-807.1682739257812
-801.203857421875
-551.64501953125
-771.9141845703125
-565.8467407226562
-938.4906005859375
-927.047119140625
-791.7896728515625
-1054.95703125
-1104.8397216796875
-1096.281005859375
-971.7213134765625
-711.3193359375
-1063.121337890625
-857.5192260742188
-770.87939453125
-802.0463256835938
-978.7288208007812
-1177.533203125
-760.7742919921875
-858.7614135742188
-733.6602172851562
-825.3428955078125
-649.1494750976562
-651.3434448242188
-1029.593505859375
-717.1776733398438
-787.1976928710938
-700.4589233398438
-756.3953247070312
-735.0350341796875
-1428.814697265625
-1137.853515625
-1354.64990234375
-880.2206420898438
-1197.2572021484375
-1303.6104736328125
-1555.4058837890625
-1196.125732421875
-906.6168212890625
-780.2567138671875
-1025.4395751953125
-1151.69140625
-1144.6435546875
-2070.633056640625
-861.8458862304688
-760.78662109375
-1072.5599365234375
-686.828857421875
-788.909912109375
-503.773193359375
-555.531005859375
-1154.9769287109375
-577.1845092773438
-877.4547729492188
-523.150634765625
-570.81298828125
-846.2940673828125
-1270.821533203125
-1141.56396484375
-826.3330078125
-987.065673828125
-1161.739501953125
-883.6665649414062
-960.5107421875
-2316.730712890625
-1166.066162109375
-615.9425659179688
-934.8234252929688
-769.30029296875
-949.9024658203125
-755.6838989257812
-724.813720703125
-1335.783935546875
-823.8673095703125
-1586.704833984375
-664.3013916015625
-958.2026977539062
-838.7744140625
-610.8264770507812
-1593.2286376953125
-804.5648803710938
-1273.98388671875
-1057.98291015625
-928.2305908203125
-549.5827026367188
-1273.33544921875
-605.9883422851562
-596.80517578125
-412.118896484375
-558.6658935546875
-956.5394287109375
-808.0611572265625
-496.5328369140625
-1597.4276123046875
-541.3194580078125
-661.4027099609375
-718.907470703125
-554.4617919921875
-1110.2845458984375
-935.220458984375
-699.781494140625
-602.5147705078125
-610.006103515625
-756.4639282226562
-714.489990234375
-901.36962890625
-802.8726806640625
-458.9482727050781
-493.908203125
-487.722900390625
-717.9501953125
-513.6395263671875
-891.0396118164062
-639.9952392578125
-1012.3627319335938
-535.654296875
-658.2398681640625
-526.3096923828125
-699.6866455078125
-626.9060668945312
-739.5765991210938
-559.5113525390625
-474.8693542480469
-507.84381103515625
-564.0892944335938
-743.7364501953125
-995.42431640625
-897.707763671875
-661.9330444335938
-567.71484375
-832.85595703125
-588.63232421875
-564.081787109375
-781.4751586914062
-490.0974426269531
-429.9366149902344
-619.2109985351562
-661.10498046875
-1113.4268798828125
-886.6759033203125
-702.69189453125
-527.834228515625
-895.5078735351562
-609.8809204101562
-415.15252685546875
-831.1981811523438
-627.077880859375
-699.5680541992188
-771.6959838867188
-729.2316284179688
-631.50048828125
-701.1463012695312
-644.9293212890625
-571.3682250976562
-489.1148986816406
-676.1967163085938
-581.9483032226562
-701.6243896484375
-858.2078247070312
-823.5596923828125
-974.0285034179688
-877.4142456054688
-886.979248046875
-816.0696411132812
-504.28521728515625
-1243.4796142578125
-868.1381225585938
-687.5536499023438
-740.640380859375
-639.7473754882812
-506.614990234375
-628.3361206054688
-545.0464477539062
-611.3543090820312
-669.510986328125
-420.0933837890625
-554.1427612304688
-1037.137939453125
-686.708984375
-698.7957153320312
-808.974609375
-1454.99755859375
-780.7250366210938
-681.9154663085938
-774.2157592773438
-622.43115234375
-660.4223022460938
-680.6271362304688
-572.4328002929688
-429.5833740234375
-742.7276000976562
-1016.40478515625
-493.6047668457031
-590.369873046875
-753.4368896484375
-607.6594848632812
-531.23193359375
-528.8907470703125
-541.5621948242188
-677.7322387695312
-867.3064575195312
-868.5657348632812
-637.5607299804688
-652.7645874023438
-818.2673950195312
-698.6097412109375
-522.6651611328125
-1029.8131103515625
-583.7257080078125
-830.379638671875
-797.2395629882812
-851.4172973632812
-661.77001953125
-677.8670043945312
-564.933837890625
-775.4185791015625
-540.3463134765625
-674.4248046875
-550.2334594726562
-545.8184814453125
-556.16455078125
-917.766845703125
-622.4090576171875
-1147.638427734375
-628.5983276367188
-639.9776611328125
-758.9982299804688
-424.28277587890625
-566.7772216796875
-1008.6896362304688
-535.8702392578125
-671.6915283203125
-1142.240234375
-805.3389282226562
-763.6827392578125
-887.7967529296875
-618.1019897460938
-658.416015625
-944.4660034179688
-1096.964599609375
-440.2174377441406
-911.6427612304688
-573.5127563476562
-727.524169921875
-538.9417114257812
-588.8818359375
-435.925048828125
-508.74932861328125
-1157.41064453125
-645.5755004882812
-762.5181884765625
-512.5736694335938
-438.9053955078125
-685.9985961914062
-619.7349243164062
-632.017333984375
-729.7097778320312
-631.434814453125
-616.0546875
-3287.194580078125
-507.9493103027344
-844.884765625
-457.8880310058594
-1183.501708984375
-674.716064453125
-480.90484619140625
-654.0314331054688
-603.141845703125
-539.4678955078125
-568.0513305664062
-647.02978515625
-512.9650268554688
-904.2160034179688
-1394.2740478515625
-917.96728515625
-558.0714111328125
-636.4891967773438
-580.7466430664062
-506.43548583984375
-671.8486938476562
-683.04736328125
-1108.66650390625
-558.1732177734375
-651.9127197265625
-501.05059814453125
-606.1038818359375
-656.3643188476562
-811.5800170898438
-734.9741821289062
-631.9520263671875
-1236.2452392578125
-1260.5208740234375
-891.2919921875
-905.359130859375
-551.4531860351562
-556.1654052734375
-503.2112121582031
-642.7937622070312
-653.878662109375
-734.6442260742188
-776.9028930664062
-468.92047119140625
-759.0521240234375
-814.40380859375
-575.06396484375
-771.1224975585938
-464.669921875
-638.5582275390625
-534.7486572265625
-584.8414916992188
-1453.3961181640625
-693.0781860351562
-783.7531127929688
-702.3681030273438
-861.977294921875
-736.1090698242188
-755.2494506835938
-531.4945678710938
-582.7340698242188
-425.5604248046875
-614.8290405273438
-1099.3743896484375
-604.6357421875
-788.5216064453125
-579.8042602539062
-582.9710693359375
-747.1829223632812
-682.6072387695312
-653.990234375
-472.107666015625
-952.895751953125
-683.6690063476562
-738.3193359375
-492.24090576171875
-784.6539306640625
-940.3145751953125
-748.2742309570312
-969.89111328125
-789.416259765625
-462.4522705078125
-479.0672912597656
-711.8158569335938
-645.916748046875
-679.0271606445312
-751.3925170898438
-624.0280151367188
-717.287353515625
-1006.3107299804688
-594.3239135742188
-1329.9361572265625
-681.4407348632812
-653.0496826171875
-792.7891845703125
-567.2368774414062
-502.30126953125
-553.0869140625
-415.4921875
-653.9754028320312
-742.0265502929688
-504.1571960449219
-453.2066345214844
-657.9710083007812
-483.9124450683594
-843.6337890625
-711.5872802734375
-512.85595703125
-1074.4993896484375
-858.2845458984375
-509.21734619140625
-1363.9676513671875
-708.1638793945312
-606.1050415039062
-824.1707763671875
-556.2860107421875
-735.6887817382812
-579.4561157226562
-866.383056640625
-553.5028076171875
-871.6519165039062
-794.7435913085938
-726.046630859375
-536.8065795898438
-665.0943603515625
-612.497802734375
-920.9151611328125
-468.76922607421875
-780.0790405273438
-532.4053344726562
-577.461669921875
-1019.9823608398438
-660.4373168945312
-514.7715454101562
-654.7108764648438
-728.1007080078125
-476.5763244628906
-676.674072265625
-582.670166015625
-919.6954345703125
-660.2247924804688
-776.984130859375
-993.477294921875
-1036.3468017578125
-441.99017333984375
-617.5695190429688
-559.414794921875
-1205.5504150390625
-479.6062316894531
-599.9357299804688
-504.1025390625
-667.6912841796875
-769.02001953125
-589.5963134765625
-520.5430908203125
-641.0302734375
-554.4478759765625
-596.499755859375
-733.3944091796875
-727.9229736328125
-434.9180603027344
-897.7728271484375
-1052.0699462890625
-572.3737182617188
-428.08575439453125
-823.6212158203125
-523.189208984375
-433.6330261230469
-438.4957275390625
-712.2235107421875
-610.0675048828125
-432.9809875488281
-1130.4766845703125
-831.1419067382812
-958.5454711914062
-567.82861328125
-733.2811279296875
-827.1383666992188
-526.8992309570312
-531.4046020507812
-614.0089111328125
-871.3997192382812
-522.1161499023438
-733.4347534179688
-630.878662109375
-695.9390869140625
-1356.3365478515625
-442.3875427246094
-1191.154541015625
-592.0650634765625
-980.0890502929688
-652.3445434570312
-1340.5367431640625
-741.6553344726562
-508.90087890625
-420.5836486816406
-861.482177734375
-616.5673828125
-909.3455200195312
-694.180419921875
-637.2099609375
-581.6104125976562
-943.675048828125
-656.9526977539062
-569.8471069335938
-488.04925537109375
-720.6537475585938
-681.2908935546875
-617.817626953125
-937.598876953125
-836.844970703125
-1212.6036376953125
-680.9624633789062
-696.912353515625
-602.79443359375
-845.5101928710938
-651.8450927734375
-610.1909790039062
-763.6106567382812
-623.8321533203125
-563.8699340820312
-355.64111328125
-527.9893798828125
-512.5328369140625
-1657.924072265625
-942.1704711914062
-526.0137939453125
-2411.500732421875
-737.4091796875
-1036.419677734375
-456.58575439453125
-677.52099609375
-668.9717407226562
-580.614013671875
-675.292236328125
-1091.7169189453125
-1038.165283203125
-507.35205078125
-479.78448486328125
-533.0045166015625
-683.656982421875
-854.0429077148438
-598.5062866210938
-708.5346069335938
-1014.3849487304688
-1083.2886962890625
-676.9540405273438
-548.7824096679688
-791.1892700195312
-749.3136596679688
-684.7900390625
-629.6396484375
-479.3613586425781
-915.148193359375
-1014.3357543945312
-1442.752685546875
-626.9173583984375
-689.4857177734375
-560.5994873046875
-609.3438110351562
-680.3372192382812
-562.2977294921875
-708.902587890625
-614.6766967773438
-587.93505859375
-441.7794494628906
-578.2506103515625
-750.8964233398438
-550.9537963867188
-990.1498413085938
-545.4962768554688
-796.9952392578125
-672.3966674804688
-716.7228393554688
-466.0626525878906
-671.9153442382812
-627.9540405273438
-530.4502563476562
-770.152099609375
-586.2311401367188
-986.6235961914062
-588.1577758789062
-507.0094299316406
-852.5055541992188
-576.060546875
-796.0029907226562
-834.6498413085938
-703.8819580078125
-537.3260498046875
-775.8775024414062
-769.3137817382812
-452.4033203125
-677.5233154296875
-719.8900146484375
-580.3665161132812
-372.47418212890625
-854.6181640625
-617.442626953125
-1311.28369140625
-708.4465942382812
-627.1058349609375
-915.761962890625
-476.58892822265625
-517.5490112304688
-578.8930053710938
-596.855712890625
-773.7891845703125
-545.1724853515625
-518.1217041015625
-687.5235595703125
-711.5034790039062
-671.3141479492188
-645.8381958007812
-489.6072998046875
-446.54925537109375
-901.0914916992188
-1021.3138427734375
-534.4554443359375
-604.3739013671875
-651.4848022460938
-884.9572143554688
-993.2738037109375
-425.5038146972656
-738.121826171875
-625.7474975585938
-1101.264892578125
-1122.9366455078125
-555.501220703125
-846.5631713867188
-453.20452880859375
-823.1290283203125
-706.5344848632812
-993.6546630859375
-765.97705078125
-787.8361206054688
-906.1715087890625
-986.7685546875
-953.2398681640625
-576.1622314453125
-876.12646484375
-786.9595336914062
-804.4937744140625
-726.8538818359375
-476.86077880859375
-608.5992431640625
-910.5579833984375
-736.7598266601562
-588.3671875
-528.5909423828125
-615.7003173828125
-861.1939697265625
-722.8911743164062
-550.4832763671875
-704.8258056640625
-687.4575805664062
-904.797119140625
-631.6383666992188
-1060.833251953125
-703.8143920898438
-466.76959228515625
-728.4072265625
-499.48699951171875
-573.6300659179688
-854.0520629882812
-770.0606689453125
-880.234375
-695.42919921875
-728.183349609375
-943.3018188476562
-583.2098388671875
-851.0093994140625
-849.4803466796875
-709.351806640625
-380.3390808105469
-738.215087890625
-767.805419921875
-822.210693359375
-824.06298828125
-1025.25634765625
-567.8972778320312
-613.7276000976562
-697.3963012695312
-523.3770751953125
-533.458984375
-545.6908569335938
-636.5055541992188
-681.5579833984375
-640.914794921875
-759.677490234375
-791.8805541992188
-674.9669799804688
-453.4296875
-867.4642333984375
-521.3031616210938
-692.952392578125
-536.4986572265625
-711.2792358398438
-571.4533081054688
-525.3189086914062
-494.7702941894531
-493.6654968261719
-929.5459594726562
-535.0179443359375
-664.7778930664062
-975.296142578125
-761.4820556640625
-428.65325927734375
-794.7681884765625
-648.5018920898438
-635.6461181640625
-480.74188232421875
-733.6240234375
-620.1940307617188
-730.8431396484375
-557.6867065429688
-802.0888671875
-577.9569702148438
-728.2222290039062
-1438.80126953125
-569.7807006835938
-493.9596862792969
-854.8558349609375
-453.5665588378906
-735.3030395507812
-638.0221557617188
-569.3191528320312
-576.1759643554688
-465.3755187988281
-592.8742065429688
-847.2257080078125
-651.1251831054688
-714.4098510742188
-644.7296752929688
-775.721923828125
-543.225830078125
-616.2726440429688
-518.7347412109375
-753.54638671875
-735.6885375976562
-879.0980834960938
-466.46478271484375
-955.0996704101562
-642.989501953125
-856.7442016601562
-519.5355834960938
-822.5435791015625
-503.18084716796875
-562.5324096679688
-428.715087890625
-591.495361328125
-881.7698364257812
-681.2578735351562
-687.7042846679688
-462.7626953125
-479.5059509277344
-455.34222412109375
-455.5259094238281
-1356.797607421875
-509.5268859863281
-1906.497802734375
-1001.5919799804688
-424.29443359375
-505.5829162597656
-872.4144287109375
-724.453369140625
-655.1675415039062
-788.9767456054688
-593.9423217773438
-1209.1533203125
-642.1007690429688
-449.19122314453125
-470.59808349609375
-856.2819213867188
-564.2276000976562
-701.1065063476562
-808.823974609375
-609.7269287109375
-682.7982177734375
-569.415771484375
-613.6707153320312
-485.3588562011719
-651.191162109375
-590.8676147460938
-557.4984741210938
-789.1561889648438
-824.5452880859375
-714.6466064453125
-470.9865417480469
-474.9701232910156
-505.38983154296875
-865.3641967773438
-530.323486328125
-675.7646484375
-745.39501953125
-588.9691162109375
-1042.9752197265625
-594.005615234375
-984.1912841796875
-589.3018798828125
-784.8388671875
-829.2196044921875
-1139.08447265625
-688.7885131835938
-721.2964477539062
-543.29150390625
-446.78607177734375
-575.432373046875
-670.7310791015625
-640.3306884765625
-679.7924194335938
-901.79931640625
-870.7227783203125
-844.2421875
-585.2377319335938
-1003.5255126953125
-498.0252990722656
-739.1259765625
-655.3216552734375
-512.7412719726562
-463.66033935546875
-485.851318359375
-648.1019897460938
-549.4778442382812
-669.9949951171875
-699.3466186523438
-471.9906005859375
-769.2891845703125
-940.8740234375
-1637.021240234375
-642.6189575195312
-679.7833251953125
-451.1332702636719
-680.021728515625
-761.5972290039062
-796.9190063476562
-448.39642333984375
-806.1207275390625
-807.6389770507812
-831.1937866210938
-595.2529296875
-474.7837219238281
-1177.677001953125
-714.6902465820312
-505.2359924316406
-1106.1182861328125
-621.7369995117188
-542.50244140625
-823.037109375
-502.71636962890625
-416.0793151855469
-602.2678833007812
-801.3449096679688
-522.2192993164062
-623.6993408203125
-617.4942626953125
-830.1649780273438
-754.1776123046875
-708.3734130859375
-623.2047729492188
-1123.8848876953125
-792.804931640625
-1357.146240234375
-579.2726440429688
-519.33544921875
-605.156494140625
-969.4557495117188
-735.370849609375
-777.8050537109375
-809.3592529296875
-699.807861328125
-610.385009765625
-547.9746704101562
-760.78955078125
-670.2814331054688
-1196.88916015625
-780.7640991210938
-679.8554077148438
-834.6278686523438
-613.797119140625
-548.1607666015625
-1432.5135498046875
-649.1502685546875
-3215.57373046875
-556.1595458984375
-1132.2635498046875
-673.6371459960938
-601.19970703125
-453.1142883300781
-830.4622192382812
-517.3015747070312
-499.77703857421875
-716.3897705078125
-681.195556640625
-731.0112915039062
-442.7200012207031
-441.1220703125
-1158.360107421875
-837.0636596679688
-504.2395324707031
-784.2517700195312
-702.6201171875
-1122.9180908203125
-559.711181640625
-666.8442993164062
-623.8491821289062
-759.1468505859375
-669.6210327148438
-678.2899169921875
-440.7921142578125
-760.8399047851562
-665.228515625
-446.00079345703125
-560.4884643554688
-904.9190673828125
-737.639404296875
-592.97802734375
-1735.7008056640625
-605.1434936523438
-508.8758850097656
-746.3341064453125
-539.8982543945312
-715.6905517578125
-490.7406311035156
-967.9022827148438
-772.94970703125
-552.2252807617188
-840.1575317382812
-841.08154296875
-713.7598876953125
-800.1770629882812
-689.4398193359375
-727.5559692382812
-539.639892578125
-1444.4586181640625
-685.03515625
-693.2763671875
-752.0352783203125
-598.8531494140625
-1091.24365234375
-483.5482177734375
-951.32568359375
-867.58935546875
-635.398681640625
-647.5850830078125
-861.035400390625
-632.1951293945312
-885.9344482421875
-563.08203125
-744.8201293945312
-403.47174072265625
-742.1866455078125
-602.5498657226562
-616.3501586914062
-741.0037841796875
-600.2302856445312
-568.9801635742188
-520.6472778320312
-668.3448486328125
-661.389404296875
-638.0187377929688
-571.6957397460938
-710.894775390625
-493.2762451171875
-576.5222778320312
-822.728271484375
-900.3447265625
-773.1512451171875
-691.6752319335938
-637.4395751953125
-1132.85009765625
-816.2156982421875
-680.2911376953125
-595.5890502929688
-645.157958984375
-454.89373779296875
-1201.732666015625
-682.9140014648438
-570.3975830078125
-619.0116577148438
-583.8796997070312
-951.3816528320312
-665.539306640625
-903.5732421875
-496.8550109863281
-957.111572265625
-1010.2666625976562
-640.08544921875
-420.321533203125
-701.6359252929688
-660.9644165039062
-553.4642333984375
-800.3930053710938
-849.2759399414062
-629.6790161132812
-866.0775146484375
-862.389404296875
-870.2245483398438
-847.53466796875
-671.613525390625
-534.5823974609375
-778.6304931640625
-512.5764770507812
-655.2800903320312
-729.045166015625
-766.72705078125
-766.1898193359375
-567.8818359375
-589.8324584960938
-605.4309692382812
-1011.1982421875
-553.8172607421875
-517.0553588867188
-1013.5760498046875
-886.63818359375
-753.0146484375
-662.7845458984375
-945.1385498046875
-1011.5326538085938
-817.177978515625
-583.3782958984375
-681.1364135742188
-856.5513916015625
-764.7839965820312
-737.2005004882812
-814.2393188476562
-662.3184814453125
-960.6361694335938
-805.5487670898438
-525.17578125
-822.5870971679688
-528.2398681640625
-985.5540161132812
-639.2969970703125
-1275.892333984375
-809.588134765625
-574.6930541992188
-863.6015625
-996.6508178710938
-729.0712890625
-694.7836303710938
-1078.7091064453125
-450.7134704589844
-843.2337036132812
-526.76611328125
-1068.2518310546875
-584.426025390625
-638.5338745117188
-439.0342712402344
-592.1840209960938
-678.5416259765625
-920.7637939453125
-520.9967651367188
-655.1490478515625
-606.5779418945312
-740.0731201171875
-792.3948974609375
-512.9385375976562
-538.0142211914062
-688.152099609375
-688.8490600585938
-813.7976684570312
-972.3501586914062
-515.88818359375
-956.22021484375
-894.956787109375
-700.4452514648438
-744.7049560546875
-841.8455810546875
-638.0237426757812
-748.8555297851562
-754.0851440429688
-840.2532348632812
-1061.74951171875
-622.1969604492188
-894.1422119140625
-570.8699951171875
-1409.30126953125
-685.7015380859375
-704.4708862304688
-750.712646484375
-836.344482421875
-939.2191772460938
-454.3167724609375
-618.6022338867188
-884.3513793945312
-526.5172729492188
-786.723876953125
-651.1030883789062
-863.8935546875
-559.36474609375
-482.0565185546875
-723.317138671875
-1356.5286865234375
-580.3992919921875
-487.0265197753906
-470.4340515136719
-969.1028442382812
-1439.88427734375
-557.60595703125
-459.26226806640625
-616.1707153320312
-533.4017944335938
-972.271484375
-842.8217163085938
-568.043701171875
-540.78662109375
-957.7945556640625
-866.2063598632812
-442.34710693359375
-1153.45361328125
-831.3886108398438
-450.3671875
-839.3798828125
-495.9032897949219
-1156.255615234375
-718.2893676757812
-451.3453674316406
-766.9520874023438
-564.9186401367188
-665.2421264648438
-752.6551513671875
-735.1783447265625
-2576.023193359375
-855.388916015625
-625.8216552734375
-626.5863647460938
-784.0015258789062
-662.9646606445312
-963.1779174804688
-651.3046264648438
-956.7906494140625
-682.3861083984375
-664.2317504882812
-700.023193359375
-597.528564453125
-639.0140991210938
-640.7150268554688
-1041.290771484375
-810.0602416992188
-740.36572265625
-892.4857177734375
-1148.3531494140625
-883.5347900390625
-463.8599548339844
-786.565185546875
-663.347412109375
-1086.1510009765625
-802.8160400390625
-947.06591796875
-901.5189208984375
-656.8193359375
-854.4800415039062
-765.4068603515625
-607.5435791015625
-757.228759765625
-679.9713745117188
-451.8910827636719
-801.0116577148438
-716.6676025390625
-703.6893920898438
-731.5911865234375
-673.4295043945312
-804.5924072265625
-552.2330322265625
-1135.076904296875
-690.4949951171875
-459.20147705078125
-685.7034301757812
-712.8289794921875
-1072.7120361328125
-485.5146484375
-499.5965881347656
-637.1417236328125
-553.1187744140625
-1606.5169677734375
-595.118896484375
-1245.9215087890625
-533.6074829101562
-545.5726928710938
-595.8756103515625
-578.3973388671875
-489.5424499511719
-389.7397155761719
-713.4310302734375
-620.4601440429688
-591.44384765625
-673.0614624023438
-955.0191650390625
-925.0364379882812
-589.954833984375
-734.4274291992188
-522.92822265625
-656.1444702148438
-787.4940185546875
-1208.62255859375
-665.6254272460938
-999.5201416015625
-1153.3948974609375
-896.4052734375
-722.962646484375
-536.4287719726562
-460.3503723144531
-1349.9007568359375
-909.6095581054688
-400.39129638671875
-634.6785888671875
-636.0830688476562
-949.2708740234375
-1016.2249755859375
-1330.2225341796875
-1345.9130859375
-1080.2896728515625
-585.30126953125
-795.991943359375
-455.7101745605469
-485.5398254394531
-602.0452880859375
-697.7922973632812
-457.9943542480469
-1182.7613525390625
-733.4451904296875
-825.6240234375
-507.188232421875
-2147.894775390625
-657.1436157226562
-1383.099609375
-1053.21923828125
-660.7794189453125
-520.5159301757812
-570.1992797851562
-710.8431396484375
-1082.578369140625
-680.4430541992188
-1130.8118896484375
-756.5678100585938
-515.226318359375
-1053.6756591796875
-1101.46484375
-1098.8485107421875
-453.2011413574219
-887.0135498046875
-984.04248046875
-646.3728637695312
-809.36376953125
-843.5552978515625
-480.6412048339844
-866.5689697265625
-547.4209594726562
-590.4005126953125
-828.603759765625
-1094.537109375
-667.5894165039062
-639.6278686523438
-613.429931640625
-663.1115112304688
-993.8076171875
-955.8353881835938
-498.0050354003906
-1051.5714111328125
-873.7841186523438
-606.6143188476562
-518.2240600585938
-404.2015380859375
-623.7756958007812
-712.9518432617188
-846.7760009765625
-473.8805847167969
-1024.91455078125
-903.0088500976562
-822.2520751953125
-573.703125
-867.7796020507812
-618.7208251953125
-923.6036376953125
-1075.153564453125
-1012.677978515625
-525.7362060546875
-685.0596923828125
-717.8917236328125
-1335.031494140625
-619.5866088867188
-1096.4063720703125
-1242.31103515625
-609.1362915039062
-1123.2247314453125
-528.6567993164062
-747.8915405273438
-672.2908325195312
-575.1770629882812
-851.7695922851562
-564.9916381835938
-664.5067138671875
-661.2565307617188
-846.1647338867188
-545.207763671875
-695.2919921875
-1244.4248046875
-618.6135864257812
-546.643798828125
-789.66015625
-475.7774353027344
-888.9964599609375
-626.4552001953125
-781.0963745117188
-527.6636962890625
-1163.0350341796875
-858.6021118164062
-1130.26220703125
-717.6403198242188
-810.3463134765625
-656.6851196289062
-497.4689025878906
-749.7774658203125
-550.1697387695312
-573.0751953125
-943.6824951171875
-712.21826171875
-463.9115295410156
-1056.662841796875
-709.701171875
-597.5091552734375
-756.8067626953125
-861.9764404296875
-729.7521362304688
-1178.731201171875
-640.2022705078125
-679.2450561523438
-814.8478393554688
-743.2462768554688
-646.900634765625
-505.1031494140625
-1494.7294921875
-985.71337890625
-777.4241333007812
-487.409912109375
-1042.51708984375
-549.26123046875
-643.832763671875
-705.9011840820312
-732.8439331054688
-672.5991821289062
-1633.9815673828125
-837.2376098632812
-582.5121459960938
-866.3847045898438
-936.7542724609375
-672.2337036132812
-561.494384765625
-600.5941772460938
-587.364501953125
-758.74755859375
-1088.7554931640625
-1008.1279907226562
-599.2632446289062
-677.6002197265625
-893.025634765625
-849.6934814453125
-842.8170776367188
-516.2269287109375
-625.0743408203125
-450.9128723144531
-549.0404663085938
-1109.500732421875
-926.3414306640625
-996.5095825195312
-758.3866577148438
-566.7637329101562
-576.6024169921875
-660.7103271484375
-519.3292846679688
-833.3319702148438
-841.0955810546875
-483.8506774902344
-1294.7547607421875
-1530.2481689453125
-658.8355712890625
-797.6544799804688
-769.0015258789062
-958.4600830078125
-596.0399780273438
-672.3560180664062
-489.51123046875
-451.8075866699219
-1117.4122314453125
-526.9735107421875
-482.3450012207031
-664.8469848632812
-906.7322387695312
-646.8832397460938
-735.7738037109375
-891.0143432617188
-823.7697143554688
-758.7471313476562
-459.38665771484375
-465.9071960449219
-777.8284301757812
-866.4115600585938
-750.7568359375
-547.8396606445312
-922.6355590820312
-1616.333251953125
-624.2975463867188
-1228.141845703125
-556.7932739257812
-548.6731567382812
-857.73876953125
-792.1173706054688
-616.5596313476562
-555.946533203125
-715.8273315429688
-807.122802734375
-629.4337158203125
-1116.3984375
-821.5554809570312
-825.9873657226562
-763.1927490234375
-1896.8555908203125
-1073.001220703125
-560.0699462890625
-617.0143432617188
-951.2424926757812
-1508.1068115234375
-563.4910888671875
-968.922119140625
-556.39111328125
-545.9130859375
-617.9105834960938
-647.603515625
-785.493896484375
-1298.830322265625
-824.5379638671875
-1241.545166015625
-806.742431640625
-788.0338745117188
-802.264404296875
-710.3626708984375
-991.989501953125
-576.4306030273438
-445.92669677734375
-475.84722900390625
-886.0660400390625
-693.7481689453125
-983.2398071289062
-684.510498046875
-634.8927001953125
-1691.2413330078125
-748.7423095703125
-724.3590087890625
-879.620361328125
-522.8399658203125
-1362.34130859375
-1052.440185546875
-709.3930053710938
-614.5841674804688
-461.9958190917969
-678.7725830078125
-671.4384765625
-528.1576538085938
-802.9540405273438
-816.7640380859375
-723.8031616210938
-522.199951171875
-487.255126953125
-906.94580078125
-816.47412109375
-798.1513061523438
-1163.143798828125
-1129.8370361328125
-617.1338500976562
-543.4534912109375
-701.84130859375
-1033.731689453125
-477.35540771484375
-1281.312744140625
-698.388916015625
-876.5382080078125
-822.5259399414062
-529.76806640625
-820.8839721679688
-561.0556030273438
-823.8743286132812
-680.59912109375
-703.7088012695312
-1011.7172241210938
-497.43511962890625
-633.7866821289062
-952.2488403320312
-1041.8780517578125
-796.4457397460938
-1254.6297607421875
-615.5999145507812
-553.9663696289062
-775.6884155273438
-655.8378295898438
-962.5670776367188
-1027.0806884765625
-506.7121276855469
-697.9788208007812
-839.5303955078125
-902.1304931640625
-1081.6656494140625
-675.5994262695312
-820.7002563476562
-715.2092895507812
-563.6149291992188
-859.2882080078125
-636.1400756835938
-505.4474182128906
-630.4295043945312
-584.2887573242188
-688.394775390625
-803.793212890625
-726.6495971679688
-818.7474365234375
-824.76416015625
-855.2659912109375
-2957.33447265625
-1645.6474609375
-1132.2998046875
-903.308349609375
-735.8135375976562
-641.0157470703125
-678.4334716796875
-690.8272094726562
-891.03369140625
-569.490478515625
-575.5712280273438
-718.3779296875
-782.6824951171875
-791.09228515625
-867.77392578125
-483.7789611816406
-834.3040771484375
-792.0806274414062
-796.301025390625
-878.6521606445312
-683.033935546875
-705.5438232421875
-907.1004028320312
-786.7283935546875
-734.50439453125
-926.833984375
-716.3639526367188
-650.1401977539062
-717.94140625
-940.83642578125
-1139.0380859375
-544.28759765625
-1467.874755859375
-1035.0457763671875
-551.0179443359375
-1415.0076904296875
-761.992431640625
-535.2613525390625
-687.3151245117188
-514.18310546875
-738.4471435546875
-576.0806884765625
-788.1550903320312
-602.0407104492188
-1759.403564453125
-1277.9410400390625
-554.3121337890625
-806.1304321289062
-652.94921875
-1123.7919921875
-904.1165771484375
-636.8470458984375
-757.35498046875
-721.7525024414062
-744.0257568359375
-977.7171630859375
-562.9359741210938
-546.1934814453125
-494.826171875
-1020.1095581054688
-983.1551513671875
-825.6922607421875
-751.2605590820312
-654.064697265625
-1087.1400146484375
-791.6925659179688
-1107.6199951171875
-555.266845703125
-951.5035400390625
-689.6632690429688
-1008.9768676757812
-757.8966064453125
-703.832275390625
-706.3712768554688
-766.246826171875
-635.9979858398438
-590.517578125
-819.8660278320312
-626.6156005859375
-786.24267578125
-790.2986450195312
-1768.0413818359375
-721.680908203125
-1105.13134765625
-955.3685302734375
-1344.26513671875
-595.1063842773438
-930.341064453125
-701.40234375
-613.4680786132812
-886.9891967773438
-892.1527099609375
-907.2540283203125
-952.5931396484375
-740.4970703125
-621.9469604492188
-624.23193359375
-579.6699829101562
-598.3444213867188
-553.2850341796875
-689.6087036132812
-516.2435302734375
-762.80810546875
-655.5910034179688
-498.2518615722656
-833.025634765625
-1181.3006591796875
-753.5037841796875
-594.8355712890625
-618.1608276367188
-623.8251953125
-845.7601318359375
-531.6427001953125
-508.6084899902344
-2081.224853515625
-756.6439819335938
-726.6807861328125
-414.3363952636719
-1389.93212890625
-921.1548461914062
-1244.723388671875
-1349.831298828125
-528.6325073242188
-556.5372314453125
-1013.3599853515625
-850.6067504882812
-863.0911254882812
-925.8591918945312
-732.4705200195312
-780.704833984375
-486.55328369140625
-1044.2518310546875
-892.6519775390625
-1186.08251953125
-503.10284423828125
-626.7244262695312
-583.8382568359375
-701.6678466796875
-588.5968627929688
-658.170166015625
-673.8919677734375
-1603.6199951171875
-759.6585083007812
-750.5487060546875
-653.1903076171875
-1059.9554443359375
-592.3206787109375
-1493.712646484375
-636.68017578125
-738.1967163085938
-603.7572021484375
-621.27783203125
-643.0891723632812
-647.1431274414062
-885.8203125
-555.7378540039062
-867.681640625
-622.4176635742188
-711.8519287109375
-474.097900390625
-524.5498046875
-678.652099609375
-503.5355224609375
-635.8196411132812
-590.4850463867188
-589.55712890625
-705.5137939453125
-779.69140625
-768.6922607421875
-517.166748046875
-567.828857421875
-1155.014892578125
-688.418701171875
-512.1307373046875
-546.9295043945312
-1129.7283935546875
-616.4651489257812
-691.26416015625
-1427.5074462890625
-785.7753295898438
-811.1227416992188
-577.5911865234375
-639.4699096679688
-1088.9468994140625
-941.6300659179688
-609.1177368164062
-676.2386474609375
-473.5106506347656
-455.0765075683594
-1672.522216796875
-684.7969970703125
-689.387939453125
-546.4690551757812
-457.2986145019531
-730.357421875
-867.197509765625
-614.6431884765625
-684.2899169921875
-673.461181640625
-997.2001953125
-912.4447021484375
-478.42315673828125
-493.43634033203125
-753.7008056640625
-560.2427368164062
-1354.1070556640625
-1463.650390625
-597.7445678710938
-711.9369506835938
-506.3826904296875
-400.15106201171875
-1230.8341064453125
-504.1538391113281
-841.582763671875
-1367.2230224609375
-460.6181945800781
-1187.369873046875
-1087.714111328125
-644.2200317382812
-895.3971557617188
-645.3472290039062
-1048.7901611328125
-966.3588256835938
-603.71728515625
-817.7609252929688
-730.866943359375
-655.2096557617188
-657.0457153320312
-748.7494506835938
-575.8170776367188
-1143.235595703125
-614.4374389648438
-604.2935791015625
-491.77105712890625
-543.80078125
-643.8189697265625
-820.9132080078125
-702.7877807617188
-1669.945556640625
-796.713623046875
-552.3375854492188
-1080.564697265625
-926.7532348632812
-604.9034423828125
-948.1481323242188
-1523.6912841796875
-1017.8216552734375
-594.2930297851562
-668.34130859375
-611.0720825195312
-557.39013671875
-954.3748779296875
-908.2296752929688
-745.186767578125
-698.7721557617188
-1305.296142578125
-1270.271240234375
-649.2817993164062
-678.6307373046875
-493.7620849609375
-2615.890869140625
-741.6025390625
-635.3107299804688
-780.2977294921875
-531.2459716796875
-759.732666015625
-531.1492919921875
-1876.0987548828125
-727.539306640625
-744.67919921875
-585.255615234375
-627.352294921875
-526.4097290039062
-1000.8961791992188
-750.22607421875
-618.1187744140625
-749.760009765625
-539.2094116210938
-387.2552185058594
-528.272216796875
-599.5941772460938
-643.1885986328125
-542.2421264648438
-779.6536254882812
-617.9600830078125
-655.771240234375
-625.9370727539062
-1074.1824951171875
-723.3165283203125
-833.1072387695312
-721.771484375
-556.6002197265625
-517.2327270507812
-646.9527587890625
-592.7755126953125
-776.78759765625
-957.2410278320312
-605.7825317382812
-893.4735107421875
-761.1309814453125
-672.8350219726562
-1070.3216552734375
-992.6377563476562
-855.5365600585938
-709.2445068359375
-518.56005859375
-521.9833374023438
-706.2177734375
-531.9058837890625
-731.389892578125
-767.026123046875
-850.294677734375
-726.6925048828125
-669.53173828125
-448.5494079589844
-396.9410400390625
-999.7623291015625
-693.4733276367188
-503.1196594238281
-642.6288452148438
-1100.482421875
-737.1604614257812
-1137.192138671875
-496.06610107421875
-551.6361694335938
-964.0484619140625
-504.15142822265625
-778.3443603515625
-583.0797729492188
-824.6602172851562
-757.7342529296875
-617.8046264648438
-880.0189819335938
-1572.756103515625
-894.9816284179688
-1017.5158081054688
-607.3380737304688
-705.494873046875
-1124.2908935546875
-924.2131958007812
-591.71435546875
-600.939208984375
-722.27490234375
-699.2882690429688
-1501.8277587890625
-907.7868041992188
-688.4340209960938
-1743.8873291015625
-627.468994140625
-576.7216186523438
-1014.9617919921875
-1002.6511840820312
-2221.39501953125
-799.9683227539062
-599.5336303710938
-651.0492553710938
-581.3116455078125
-785.9028930664062
-518.046142578125
-641.6875
-484.9419860839844
-792.2313232421875
-503.6516418457031
-1113.2139892578125
-901.1370239257812
-718.3189697265625
-681.380615234375
-1306.3551025390625
-646.3097534179688
-569.9326171875
-522.45166015625
-929.4488525390625
-1175.1187744140625
-622.3367309570312
-543.4791259765625
-704.7818603515625
-522.4756469726562
-1152.3060302734375
-5645.14599609375
-477.0950927734375
-1213.0404052734375
-862.7643432617188
-1121.9439697265625
-659.4502563476562
-1072.821044921875
-1199.417236328125
-759.7843017578125
-551.4075317382812
-471.4524230957031
-563.5222778320312
-697.6343994140625
-1267.8648681640625
-936.8324584960938
-987.1343994140625
-422.77703857421875
-729.7031860351562
-718.7599487304688
-856.2920532226562
-1120.4443359375
-808.5164794921875
-700.3978881835938
-483.74993896484375
-1092.56591796875
-614.0778198242188
-880.70458984375
-821.3798217773438
-842.3053588867188
-722.2564086914062
-508.59466552734375
-736.01171875
-670.3670654296875
-1036.858642578125
-458.3380432128906
-582.3445434570312
-770.774169921875
-928.3135375976562
-625.8707275390625
-819.4122314453125
-889.6893310546875
-2278.189453125
-1266.7791748046875
-1146.0816650390625
-512.09423828125
-801.5496215820312
-560.166015625
-577.1040649414062
-481.6460266113281
-584.6209716796875
-725.2636108398438
-832.1810913085938
-697.995849609375
-1154.7708740234375
-855.5630493164062
-734.2109985351562
-858.6328735351562
-569.5170288085938
-1012.5388793945312
-728.2447509765625
-708.0737915039062
-1098.314453125
-1274.3651123046875
-890.1782836914062
-741.0216674804688
-1062.316650390625
-666.9228515625
-726.1058959960938
-600.8966674804688
-1016.6642456054688
-768.3326416015625
-1020.0015869140625
-834.3656005859375
-818.7999267578125
-934.1795654296875
-442.4910888671875
-1150.7125244140625
-1151.3822021484375
-726.4005126953125
-604.909423828125
-1398.974365234375
-639.9654541015625
-923.301025390625
-1039.8076171875
-634.345458984375
-926.1445922851562
-934.2378540039062
-488.6092529296875
-1060.1912841796875
-848.1351318359375
-537.809326171875
-659.329833984375
-645.70849609375
-599.2819213867188
-876.7473754882812
-399.2549133300781
-972.518798828125
-808.7382202148438
-892.2160034179688
-394.6612854003906
-695.4560546875
-573.825927734375
-876.1749267578125
-995.0606079101562
-1107.206787109375
-473.1809997558594
-748.422119140625
-535.7119750976562
-453.841552734375
-1044.5318603515625
-655.0630493164062
-627.2549438476562
-1113.7542724609375
-669.54345703125
-942.5371704101562
-394.1173095703125
-946.7516479492188
-575.2799682617188
-632.7662353515625
-669.9271850585938
-846.7941284179688
-695.9749755859375
-794.5833740234375
-571.6146240234375
-481.5518493652344
-795.204833984375
-685.951904296875
-883.2252807617188
-670.8841552734375
-936.5428466796875
-412.7706604003906
-552.718017578125
-531.9227294921875
-932.0313720703125
-930.613525390625
-584.17138671875
-706.359619140625
-623.3712158203125
-920.439697265625
-505.6053771972656
-655.3547973632812
-1161.9222412109375
-822.8644409179688
-603.8419799804688
-575.7567138671875
-673.6522216796875
-603.8838500976562
-1150.0452880859375
-1363.8349609375
-769.9189453125
-624.7568969726562
-1399.7730712890625
-567.9818115234375
-718.9893188476562
-704.5518798828125
-497.9763488769531
-528.7687377929688
-993.740478515625
-1167.1612548828125
-655.9193725585938
-574.4097900390625
-758.2828979492188
-744.3817138671875
-781.3638916015625
-1090.26025390625
-1119.22705078125
-1337.237548828125
-662.6844482421875
-622.8543701171875
-1265.365966796875
-810.612060546875
-1151.1654052734375
-637.1000366210938
-742.2193603515625
-1152.192626953125
-384.34368896484375
-605.0601196289062
-1199.0972900390625
-777.9287719726562
-551.7838134765625
-761.09765625
-880.0741577148438
-1340.975341796875
-1485.748046875
-740.030517578125
-1184.9390869140625
-596.2950439453125
-465.5945129394531
-1236.5830078125
-1238.7462158203125
-878.1268310546875
-620.2771606445312
-611.6923217773438
-1508.375732421875
-782.2677612304688
-1057.9454345703125
-1090.9495849609375
-814.6248779296875
-706.6376953125
-655.30810546875
-597.0203247070312
-608.7933959960938
-831.6375732421875
-881.6492919921875
-1228.372802734375
-837.0768432617188
-1001.3296508789062
-787.2423706054688
-1035.08544921875
-1395.8072509765625
-624.90185546875
-714.0548706054688
-739.1698608398438
-645.1704711914062
-807.5000610351562
-864.57568359375
-739.2921752929688
-1040.4241943359375
-577.799072265625
-694.1692504882812
-944.7823486328125
-608.2294921875
-782.7631225585938
-459.1871643066406
-737.4739990234375
-693.281005859375
-808.1609497070312
-582.7797241210938
-626.2484130859375
-722.2631225585938
-721.884521484375
-1011.16943359375
-762.4747924804688
-694.3477172851562
-575.5265502929688
-945.1538696289062
-550.2548828125
-564.3787231445312
-404.2983093261719
-685.3013916015625
-1248.336181640625
-640.4862060546875
-520.2964477539062
-535.8394775390625
-929.9810791015625
-593.4707641601562
-865.2767944335938
-622.1541137695312
-526.5762939453125
-1058.94189453125
-689.8218383789062
-497.27081298828125
-642.0223999023438
-846.095703125
-585.0345458984375
-710.6558227539062
-550.3186645507812
-709.5697021484375
-1043.012939453125
-539.302490234375
-1371.2049560546875
-758.873779296875
-983.997314453125
-878.26123046875
-652.742431640625
-697.9234008789062
-574.3794555664062
-857.631103515625
-485.86529541015625
-540.3528442382812
-716.932373046875
-745.4852905273438
-1245.08642578125
-1641.1885986328125
-945.671142578125
-600.7789306640625
-572.4010620117188
-709.9225463867188
-642.7080688476562
-527.3089599609375
-904.3345947265625
-769.3184204101562
-2121.882568359375
-781.7650146484375
-1144.5546875
-786.8359985351562
-673.7481079101562
-727.21875
-849.0498657226562
-918.4545288085938
-552.4052734375
-546.3797607421875
-562.738525390625
-618.83984375
-476.066650390625
-624.6296997070312
-450.5769348144531
-626.9619140625
-589.7178344726562
-728.1676635742188
-1355.310791015625
-710.8839111328125
-629.6674194335938
-459.4313659667969
-624.4065551757812
-654.0220947265625
-609.1822509765625
-723.523193359375
-654.2557373046875
-608.1002197265625
-886.6656494140625
-630.360595703125
-487.32958984375
-751.824462890625
-599.2894287109375
-653.5720825195312
-1413.1458740234375
-766.6759643554688
-661.4058837890625
-922.1412963867188
-795.701416015625
-807.8424072265625
-1156.9814453125
-630.644287109375
-803.7022094726562
-682.65771484375
-670.4619140625
-1128.62353515625
-529.6066284179688
-490.0508117675781
-896.4520874023438
-652.4845581054688
-1016.3507080078125
-545.689453125
-754.4625244140625
-1896.432861328125
-1609.1644287109375
-937.6843872070312
-486.2574157714844
-652.767822265625
-1484.775146484375
-627.1951293945312
-659.4786987304688
-817.2440795898438
-656.7686157226562
-692.6777954101562
-517.7174682617188
-795.9234619140625
-562.3731079101562
-866.3045654296875
-882.8133544921875
-630.9523315429688
-1990.6273193359375
-767.41796875
-716.471435546875
-808.07080078125
-969.1849365234375
-493.6528015136719
-577.4356689453125
-930.7266845703125
-928.1841430664062
-821.8186645507812
-1247.781982421875
-1226.054443359375
-575.7177734375
-607.2080078125
-790.78125
-800.2498168945312
-517.3241577148438
-702.1856689453125
-1252.556640625
-890.1295776367188
-1029.7969970703125
-561.9405517578125
-526.3826293945312
-618.1253662109375
-948.9208374023438
-1023.961669921875
-717.5734252929688
-442.185302734375
-1063.17529296875
-562.4888305664062
-596.0191650390625
-1274.9921875
-1091.02197265625
-945.4896850585938
-1298.3917236328125
-679.1319580078125
-1222.0345458984375
-1428.3087158203125
-944.5986938476562
-635.1363525390625
-614.1406860351562
-900.084716796875
-705.9940185546875
-621.5650024414062
-876.1287231445312
-591.04052734375
-839.3345336914062
-621.5712890625
-451.710205078125
-680.0345458984375
-717.1265258789062
-529.54931640625
-1276.9019775390625
-857.227294921875
-544.6929321289062
-538.8171997070312
-592.630126953125
-599.5386962890625
-566.5559692382812
-623.71044921875
-1326.3857421875
-809.8452758789062
-819.9881591796875
-712.8546142578125
-876.2760620117188
-871.99609375
-603.299560546875
-1082.2080078125
-778.709228515625
-1667.364501953125
-1049.3740234375
-544.894287109375
-504.4154052734375
-831.9423828125
-606.3614501953125
-759.62109375
-805.589111328125
-980.4388427734375
-728.7431030273438
-607.1087646484375
-712.6939086914062
-560.7271728515625
-863.8732299804688
-870.8175659179688
-684.0653076171875
-1037.9945068359375
-827.003173828125
-504.7419128417969
-783.4083862304688
-1263.6304931640625
-944.6927490234375
-549.240478515625
-551.2167358398438
-526.9984130859375
-738.986572265625
-821.2052001953125
-612.2562255859375
-512.3526611328125
-1233.9853515625
-1118.5977783203125
-865.0626220703125
-587.1534423828125
-898.6023559570312
-935.48486328125
-822.86962890625
-1381.8505859375
-749.8310546875
-551.755859375
-1109.7071533203125
-674.8317260742188
-549.8263549804688
-1125.434814453125
-780.1893310546875
-856.2618408203125
-623.5639038085938
-655.2415161132812
-425.0833435058594
-654.1305541992188
-634.32666015625
-1549.2520751953125
-791.011962890625
-1053.2291259765625
-507.7124328613281
-588.3654174804688
-741.751708984375
-541.846923828125
-554.6905517578125
-562.21484375
-950.6071166992188
