-341.0416259765625
-343.99639892578125
-357.19720458984375
-740.1580810546875
-731.9255981445312
-358.2540283203125
-742.197998046875
-348.9918212890625
-523.8988647460938
-342.513671875
-343.14447021484375
-351.5494079589844
-586.5371704101562
-392.6732177734375
-317.89337158203125
-256.4814758300781
-259.67718505859375
-652.5515747070312
-331.7190246582031
-264.7425231933594
-360.98248291015625
-614.202880859375
-532.1268920898438
-337.02752685546875
-427.9219970703125
-278.8966064453125
-396.51483154296875
-305.87908935546875
-291.47015380859375
-308.4600830078125
-1779.1759033203125
-833.6332397460938
-483.31036376953125
-598.854248046875
-423.6394958496094
-362.2257080078125
-473.9083251953125
-488.2377014160156
-665.8858032226562
-284.61248779296875
-281.93511962890625
-616.9767456054688
-337.0181884765625
-257.1881408691406
-468.1830139160156
-667.0931396484375
-363.0901794433594
-536.6416015625
-307.462890625
-321.32733154296875
-566.779296875
-259.37371826171875
-478.85986328125
-615.3076171875
-383.2245178222656
-1510.3834228515625
-1544.11865234375
-1072.726318359375
-333.86212158203125
-942.0543212890625
-286.108642578125
-771.7501831054688
-770.2017822265625
-512.6237182617188
-491.9772033691406
-505.1166076660156
-455.65704345703125
-844.1610107421875
-338.48193359375
-1186.048095703125
-649.7531127929688
-262.62213134765625
-451.3655700683594
-279.12115478515625
-409.21173095703125
-386.3749694824219
-320.68817138671875
-922.0191040039062
-382.7947692871094
-595.7880859375
-296.45867919921875
-267.0093078613281
-350.42230224609375
-286.9283447265625
-329.845458984375
-222.82496643066406
-274.4581604003906
-247.5443115234375
-1122.724853515625
-1208.209228515625
-224.59356689453125
-368.45855712890625
-416.749755859375
-298.1883239746094
-245.74761962890625
-354.1255798339844
-244.81361389160156
-368.1904296875
-276.9891357421875
-251.80380249023438
-687.0445556640625
-582.4925537109375
-336.3742370605469
-603.419189453125
-237.05482482910156
-296.62762451171875
-371.0071716308594
-332.2682189941406
-343.3787841796875
-243.61373901367188
-702.2701416015625
-462.2076110839844
-477.56939697265625
-248.88775634765625
-332.74639892578125
-417.76666259765625
-993.38525390625
-228.96360778808594
-259.8240051269531
-427.9228210449219
-650.48681640625
-283.6882629394531
-296.1804504394531
-537.5140991210938
-351.07366943359375
-340.77996826171875
-274.1636962890625
-1361.5185546875
-983.6148681640625
-301.2959899902344
-538.2535400390625
-414.8096618652344
-544.25146484375
-522.88525390625
-516.230712890625
-353.2709655761719
-302.9835510253906
-391.194580078125
-466.95556640625
-399.10198974609375
-652.58447265625
-281.0855712890625
-388.2477111816406
-606.5029296875
-686.967529296875
-318.82958984375
-531.8776245117188
-602.1201782226562
-264.5779724121094
-478.50579833984375
-279.20281982421875
-412.6691589355469
-264.02056884765625
-334.40362548828125
-252.48092651367188
-937.1154174804688
-627.3536376953125
-411.03326416015625
-877.905517578125
-560.5872192382812
-511.145751953125
-249.474365234375
-278.3117370605469
-979.5335693359375
-434.32574462890625
-366.6136474609375
-271.1546630859375
-347.41876220703125
-374.5413818359375
-359.13897705078125
-301.62811279296875
-587.7340087890625
-873.1788330078125
-435.4159240722656
-635.7225952148438
-592.227294921875
-595.8430786132812
-625.9815063476562
-291.68927001953125
-475.387451171875
-457.8177185058594
-371.33251953125
-531.00537109375
-312.98663330078125
-395.2624206542969
-293.81591796875
-265.82171630859375
-625.4740600585938
-363.73150634765625
-265.5657958984375
-328.0621032714844
-344.183349609375
-813.079345703125
-485.870361328125
-289.46319580078125
-228.00856018066406
-335.7992858886719
-249.77195739746094
-308.974853515625
-358.2171630859375
-424.6929931640625
-254.21339416503906
-320.88995361328125
-267.9167175292969
-484.7074890136719
-382.66619873046875
-269.64996337890625
-706.1441040039062
-812.0123291015625
-548.1516723632812
-444.0257873535156
-290.6266174316406
-424.82073974609375
-496.3172302246094
-325.7017822265625
-417.29864501953125
-588.7990112304688
-632.5460205078125
-376.44598388671875
-340.3500061035156
-383.536376953125
-515.7774658203125
-280.97479248046875
-295.2911071777344
-530.4937744140625
-266.3027038574219
-376.9474182128906
-298.1099853515625
-316.6646728515625
-326.3666076660156
-624.3271484375
-556.9632568359375
-882.256103515625
-339.6502380371094
-637.3336181640625
-554.663330078125
-647.6248779296875
-514.963134765625
-454.0143737792969
-407.37396240234375
-643.971923828125
-670.0656127929688
-1028.464111328125
-1748.98046875
-535.7460327148438
-386.9654541015625
-697.189697265625
-565.8474731445312
-357.18505859375
-241.44134521484375
-284.4078369140625
-532.3280029296875
-286.05889892578125
-584.4468383789062
-283.43609619140625
-310.6950988769531
-522.0599975585938
-616.739990234375
-695.1592407226562
-431.3690490722656
-473.52764892578125
-653.795654296875
-387.4925231933594
-611.5843505859375
-1562.3958740234375
-693.0926513671875
-407.3993835449219
-496.5571594238281
-369.5911560058594
-377.4080505371094
-401.8369140625
-357.4505920410156
-772.609130859375
-555.889892578125
-1049.536865234375
-421.4123229980469
-431.0005187988281
-674.7684936523438
-283.60247802734375
-617.13427734375
-277.5146179199219
-473.8983459472656
-468.0399169921875
-390.87542724609375
-297.6091003417969
-806.0943603515625
-309.9105224609375
-285.09271240234375
-205.78184509277344
-287.3454895019531
-400.69696044921875
-394.7683410644531
-254.1402587890625
-996.8753051757812
-215.0733642578125
-240.05850219726562
-323.2086486816406
-244.96136474609375
-618.7318725585938
-367.5195617675781
-334.4220275878906
-291.55712890625
-256.3813171386719
-402.36700439453125
-252.56729125976562
-333.234375
-554.0178833007812
-184.89944458007812
-229.37002563476562
-166.02481079101562
-444.1921081542969
-289.7140808105469
-386.36962890625
-248.22850036621094
-433.6846008300781
-193.91311645507812
-259.1273498535156
-190.36712646484375
-350.7600402832031
-270.7212219238281
-285.1949462890625
-289.2544860839844
-158.3893280029297
-268.567138671875
-229.5912628173828
-290.17755126953125
-423.78564453125
-497.36981201171875
-288.8265075683594
-232.80299377441406
-381.4842224121094
-219.353271484375
-271.1598815917969
-418.45770263671875
-236.74407958984375
-193.18133544921875
-221.68019104003906
-346.7132873535156
-709.1426391601562
-526.8598022460938
-393.7901611328125
-238.1422119140625
-427.4402770996094
-398.44775390625
-214.7642364501953
-320.370849609375
-281.44683837890625
-291.57647705078125
-394.6494140625
-358.03192138671875
-250.81103515625
-406.076171875
-378.59710693359375
-238.97039794921875
-266.1986083984375
-330.5155029296875
-249.95989990234375
-278.1654357910156
-587.074951171875
-337.4544677734375
-617.8817749023438
-681.146484375
-404.2770080566406
-441.7942810058594
-170.98683166503906
-499.99444580078125
-439.5492858886719
-309.1201171875
-293.01220703125
-393.375732421875
-258.1995849609375
-293.7331237792969
-276.3134460449219
-201.8342742919922
-323.644775390625
-196.174560546875
-204.31886291503906
-661.9395141601562
-348.5766296386719
-309.0220947265625
-383.1265869140625
-688.5061645507812
-606.951416015625
-240.56991577148438
-402.6373291015625
-241.98521423339844
-296.8901062011719
-326.5592041015625
-257.1340637207031
-167.73342895507812
-292.3560485839844
-497.1781005859375
-212.85276794433594
-222.2399444580078
-295.3883361816406
-292.673583984375
-253.24746704101562
-239.89956665039062
-238.9229278564453
-298.3022155761719
-397.3491516113281
-337.939208984375
-219.90821838378906
-348.2564697265625
-357.3319396972656
-260.72943115234375
-212.15553283691406
-524.70947265625
-208.7599334716797
-443.4022216796875
-253.86814880371094
-325.6933898925781
-242.9662322998047
-366.5009460449219
-281.5313720703125
-280.70648193359375
-277.121337890625
-324.7353820800781
-191.00701904296875
-207.1219482421875
-250.102783203125
-656.0517578125
-379.9817199707031
-920.64404296875
-297.34771728515625
-254.18380737304688
-373.2133483886719
-161.47991943359375
-241.83480834960938
-447.10272216796875
-331.14166259765625
-321.25201416015625
-587.802001953125
-426.4228515625
-281.76544189453125
-383.7807312011719
-268.5007019042969
-227.3914794921875
-425.5424499511719
-461.2620849609375
-195.17547607421875
-591.4981689453125
-273.2262878417969
-479.43804931640625
-168.86480712890625
-254.70025634765625
-179.74879455566406
-211.9041748046875
-555.6107788085938
-258.01593017578125
-550.2168579101562
-260.3483581542969
-181.00489807128906
-354.57940673828125
-262.55804443359375
-282.7178039550781
-251.76077270507812
-284.4224853515625
-233.99703979492188
-1348.7099609375
-205.38372802734375
-272.54754638671875
-184.5673065185547
-553.1795043945312
-366.2945556640625
-188.74005126953125
-341.4124755859375
-335.6474914550781
-220.09072875976562
-228.89772033691406
-232.3870849609375
-227.7604217529297
-336.28948974609375
-816.22021484375
-354.79327392578125
-259.6953125
-245.88323974609375
-306.65338134765625
-210.3474884033203
-294.1447448730469
-248.78720092773438
-660.1486206054688
-234.56671142578125
-314.1426086425781
-176.93548583984375
-240.251220703125
-303.3702697753906
-238.17803955078125
-340.34979248046875
-563.165771484375
-741.24169921875
-603.6326904296875
-453.8916015625
-348.188720703125
-209.0992431640625
-227.11032104492188
-206.1347198486328
-234.359130859375
-279.19927978515625
-281.6240539550781
-386.1114807128906
-253.92413330078125
-420.7362060546875
-451.84832763671875
-238.3418731689453
-345.2997741699219
-204.92449951171875
-265.1632995605469
-231.1837921142578
-262.976806640625
-526.9348754882812
-507.9259948730469
-435.10504150390625
-404.5870361328125
-521.774169921875
-298.8046875
-281.02874755859375
-266.2684631347656
-289.504638671875
-219.6831817626953
-255.8558349609375
-471.7315979003906
-255.25665283203125
-273.694091796875
-217.2926788330078
-276.43170166015625
-300.3945007324219
-323.27923583984375
-230.84500122070312
-189.7461395263672
-439.57733154296875
-298.0849914550781
-332.11114501953125
-223.6918487548828
-412.61907958984375
-454.1978759765625
-310.077880859375
-426.6248779296875
-261.2983093261719
-198.38446044921875
-215.44871520996094
-339.6814270019531
-422.5345458984375
-413.172607421875
-419.5250244140625
-246.5632781982422
-263.21673583984375
-366.20501708984375
-227.66464233398438
-830.3489990234375
-269.64129638671875
-318.7729187011719
-288.14935302734375
-254.3241424560547
-177.1551055908203
-195.37599182128906
-176.26663208007812
-342.9133605957031
-297.6806945800781
-227.41476440429688
-206.00994873046875
-403.47674560546875
-227.18585205078125
-291.5643005371094
-293.0233154296875
-203.9473114013672
-721.7216796875
-439.7630310058594
-171.62489318847656
-290.7777099609375
-337.87615966796875
-311.63177490234375
-419.0819091796875
-246.280029296875
-382.80682373046875
-324.11370849609375
-321.84600830078125
-198.22589111328125
-453.2881164550781
-338.054931640625
-364.2919006347656
-195.81443786621094
-283.1739501953125
-275.19549560546875
-353.86517333984375
-198.78175354003906
-332.6537170410156
-258.70782470703125
-391.2270812988281
-449.52691650390625
-277.29437255859375
-205.4550018310547
-321.97265625
-360.6715087890625
-168.01797485351562
-245.7138671875
-222.67095947265625
-336.7100830078125
-396.3990173339844
-354.9853210449219
-576.7352294921875
-951.0545654296875
-190.288330078125
-321.2892761230469
-239.69259643554688
-455.9235534667969
-225.62350463867188
-221.9180908203125
-215.9512939453125
-349.47119140625
-305.9472351074219
-245.52093505859375
-223.37265014648438
-248.4792022705078
-294.379150390625
-342.4906005859375
-294.7288818359375
-320.1763916015625
-226.21359252929688
-375.9338684082031
-594.83203125
-214.63851928710938
-171.47312927246094
-318.23919677734375
-234.92396545410156
-203.2000274658203
-189.73739624023438
-373.16595458984375
-304.4107971191406
-199.5038604736328
-562.7252197265625
-385.63604736328125
-451.91143798828125
-247.23887634277344
-287.2147216796875
-387.88836669921875
-251.62469482421875
-227.60731506347656
-259.81451416015625
-375.2588806152344
-180.35723876953125
-383.5283203125
-310.3963317871094
-369.6579284667969
-867.2315063476562
-192.80026245117188
-456.9431457519531
-249.94288635253906
-416.4466552734375
-351.60467529296875
-966.1847534179688
-573.5367431640625
-175.64300537109375
-235.78549194335938
-466.4546813964844
-213.4747772216797
-380.8116455078125
-357.03173828125
-328.2082824707031
-268.79644775390625
-473.33697509765625
-243.42123413085938
-253.10208129882812
-180.67034912109375
-397.4388427734375
-306.1951904296875
-255.00921630859375
-329.5528564453125
-510.0859375
-472.68121337890625
-335.5702819824219
-320.78875732421875
-293.9240417480469
-493.52984619140625
-250.89334106445312
-367.5743408203125
-227.93704223632812
-226.95535278320312
-257.6667175292969
-160.7451629638672
-227.64102172851562
-256.7491455078125
-625.2062377929688
-509.443359375
-193.84426879882812
-1405.899169921875
-397.68157958984375
-653.6292724609375
-192.9681396484375
-303.9809875488281
-324.1536865234375
-229.19895935058594
-458.9378662109375
-451.0188293457031
-640.9240112304688
-190.915771484375
-204.66839599609375
-228.16778564453125
-263.158935546875
-570.7840576171875
-216.92587280273438
-374.685546875
-555.4143676757812
-501.0688781738281
-262.95782470703125
-273.2372741699219
-446.3131103515625
-370.26092529296875
-372.75250244140625
-223.83216857910156
-184.86077880859375
-492.2385559082031
-412.93804931640625
-832.0081787109375
-268.7711181640625
-222.6004638671875
-256.9005432128906
-261.5702819824219
-279.80419921875
-269.57476806640625
-453.9827575683594
-268.4768981933594
-202.99215698242188
-185.4847412109375
-194.88441467285156
-403.6500244140625
-234.1333770751953
-470.00396728515625
-254.1012420654297
-589.57568359375
-318.0588684082031
-307.209228515625
-237.4415740966797
-231.1926727294922
-242.48712158203125
-229.3336639404297
-475.61334228515625
-256.1253967285156
-499.5741882324219
-276.6820373535156
-221.200439453125
-337.2029724121094
-293.6082458496094
-393.0411376953125
-300.8016357421875
-458.90130615234375
-237.59359741210938
-306.8394470214844
-324.4605407714844
-175.8572235107422
-464.3037109375
-427.1566162109375
-256.41021728515625
-162.56787109375
-301.98614501953125
-278.48016357421875
-422.171630859375
-205.2987518310547
-302.6385803222656
-508.2160949707031
-193.09718322753906
-184.47195434570312
-229.6632080078125
-244.24136352539062
-312.09661865234375
-193.01483154296875
-233.52728271484375
-329.5920715332031
-237.6842041015625
-453.1607666015625
-445.4715576171875
-178.5301971435547
-193.34103393554688
-431.8374938964844
-347.6371154785156
-193.86627197265625
-179.50112915039062
-306.2144470214844
-647.9415893554688
-416.05963134765625
-170.27081298828125
-354.15753173828125
-256.09002685546875
-683.6534423828125
-820.694580078125
-230.85928344726562
-314.8288879394531
-173.5664520263672
-384.8540954589844
-482.30413818359375
-368.32183837890625
-404.26251220703125
-640.0674438476562
-436.39093017578125
-311.1107482910156
-441.7310791015625
-227.71389770507812
-428.861328125
-281.79766845703125
-360.163818359375
-391.1239013671875
-193.94427490234375
-203.31381225585938
-440.601318359375
-310.6566162109375
-273.9118957519531
-292.15728759765625
-231.83224487304688
-411.8057861328125
-314.0364685058594
-223.56207275390625
-297.70220947265625
-436.12347412109375
-373.65814208984375
-267.637939453125
-443.76312255859375
-277.6447448730469
-203.6607208251953
-377.1643371582031
-242.48150634765625
-246.1939239501953
-562.941162109375
-406.35992431640625
-261.83154296875
-248.9508056640625
-421.65533447265625
-515.400634765625
-284.496826171875
-495.9287109375
-394.4953308105469
-372.2957458496094
-171.87600708007812
-311.5069885253906
-322.405517578125
-369.9418029785156
-406.6225280761719
-662.3226318359375
-253.3989715576172
-282.3617858886719
-318.6291809082031
-234.8839111328125
-256.95050048828125
-291.29681396484375
-251.16290283203125
-396.8812255859375
-240.7469482421875
-335.97796630859375
-327.35552978515625
-290.9281311035156
-240.08554077148438
-384.9700927734375
-297.212646484375
-317.5782775878906
-255.78897094726562
-297.60845947265625
-206.59324645996094
-193.90097045898438
-195.70751953125
-195.07516479492188
-542.3662719726562
-201.9901123046875
-296.3647766113281
-459.9896240234375
-448.8816223144531
-176.45358276367188
-382.91943359375
-297.9588928222656
-290.4703369140625
-228.1845703125
-373.24407958984375
-290.018310546875
-293.17919921875
-216.8360595703125
-312.7285461425781
-215.9429931640625
-306.5908203125
-418.9944763183594
-206.30999755859375
-207.8940887451172
-434.16461181640625
-257.5250549316406
-297.0517578125
-441.77691650390625
-218.83843994140625
-194.03182983398438
-184.87823486328125
-212.66819763183594
-359.5155334472656
-263.8416442871094
-301.6259765625
-315.5984802246094
-293.0379638671875
-245.060302734375
-251.41879272460938
-209.54672241210938
-252.00994873046875
-405.7459716796875
-621.7750244140625
-185.66726684570312
-506.0286865234375
-372.1824035644531
-425.4051208496094
-206.7855224609375
-327.32501220703125
-197.74191284179688
-207.21478271484375
-175.5968475341797
-253.16384887695312
-540.5861206054688
-392.62176513671875
-352.9137268066406
-215.15293884277344
-254.13433837890625
-179.35386657714844
-221.99647521972656
-480.9038391113281
-247.19485473632812
-1278.8011474609375
-368.89141845703125
-183.44265747070312
-209.17218017578125
-387.0264892578125
-477.90313720703125
-404.07403564453125
-257.8877258300781
-293.9963073730469
-650.6368408203125
-369.7403564453125
-206.68130493164062
-209.33932495117188
-527.2228393554688
-270.83966064453125
-351.22406005859375
-295.4952697753906
-273.4001159667969
-323.73028564453125
-278.82537841796875
-316.13079833984375
-228.99118041992188
-327.51202392578125
-258.6824645996094
-202.20867919921875
-383.9178161621094
-378.653076171875
-363.30438232421875
-277.0966796875
-204.99371337890625
-263.5047607421875
-572.207763671875
-265.82763671875
-370.466552734375
-260.5041198730469
-290.34136962890625
-416.3011474609375
-281.25030517578125
-404.556396484375
-421.06842041015625
-344.40191650390625
-302.70654296875
-451.2297058105469
-326.959228515625
-276.1292419433594
-256.2113037109375
-215.013916015625
-254.08973693847656
-322.72515869140625
-254.08547973632812
-231.73184204101562
-566.2156982421875
-586.0429077148438
-355.41796875
-224.2029571533203
-692.96142578125
-228.65158081054688
-314.6132507324219
-271.3960876464844
-221.66717529296875
-197.84634399414062
-213.630126953125
-288.3880310058594
-357.1864013671875
-255.9679412841797
-323.20001220703125
-263.4757995605469
-295.1015319824219
-528.9981689453125
-610.0761108398438
-218.11990356445312
-376.8427734375
-179.54383850097656
-307.8560791015625
-479.8529968261719
-352.8099060058594
-181.10740661621094
-314.8194274902344
-550.5374145507812
-404.68096923828125
-237.91201782226562
-191.83517456054688
-471.61334228515625
-269.9173278808594
-191.24020385742188
-510.8955078125
-233.452880859375
-228.70582580566406
-438.5248718261719
-200.21896362304688
-212.26568603515625
-252.14564514160156
-296.8153076171875
-218.91368103027344
-228.88070678710938
-256.2751770019531
-542.977294921875
-328.2958984375
-409.1541748046875
-300.2091369628906
-519.8119506835938
-471.9786071777344
-780.7081909179688
-211.9395751953125
-307.16680908203125
-330.99810791015625
-604.6856689453125
-298.0345764160156
-417.7460021972656
-336.8135681152344
-271.2970886230469
-305.7793884277344
-264.09454345703125
-342.9136657714844
-265.7588195800781
-523.3101806640625
-513.5870361328125
-342.18487548828125
-325.11175537109375
-300.4888000488281
-241.26080322265625
-616.6297607421875
-252.62828063964844
-1564.505126953125
-192.27503967285156
-577.5460815429688
-367.3435974121094
-399.5567626953125
-204.35073852539062
-232.78305053710938
-204.23330688476562
-266.9306640625
-410.99700927734375
-291.63360595703125
-398.8740234375
-179.28457641601562
-244.89065551757812
-542.45361328125
-375.4080810546875
-218.13963317871094
-423.0278625488281
-292.17254638671875
-561.5528564453125
-265.5521545410156
-237.85877990722656
-295.1180114746094
-408.5518798828125
-259.19921875
-232.02127075195312
-194.79119873046875
-407.6040344238281
-278.23834228515625
-253.5773468017578
-224.90396118164062
-632.3645629882812
-284.7583312988281
-210.5965576171875
-977.779052734375
-286.44287109375
-210.45315551757812
-251.8793487548828
-226.0894012451172
-331.94122314453125
-180.36004638671875
-476.37432861328125
-316.1298828125
-239.1990966796875
-352.0831604003906
-392.60137939453125
-300.0372619628906
-301.307373046875
-282.9156188964844
-359.19488525390625
-211.3823699951172
-1337.8509521484375
-431.7566833496094
-394.4676818847656
-244.22088623046875
-311.1277160644531
-543.3729248046875
-157.3109893798828
-455.6390380859375
-463.8676452636719
-272.98834228515625
-301.77716064453125
-434.4747619628906
-237.43310546875
-421.23980712890625
-258.0873107910156
-497.1720886230469
-194.6231231689453
-293.93621826171875
-259.4237365722656
-283.61102294921875
-449.2576904296875
-321.6823425292969
-293.94573974609375
-214.90379333496094
-231.022705078125
-239.789794921875
-229.22366333007812
-260.9875793457031
-300.7843933105469
-190.30014038085938
-288.5587158203125
-293.36065673828125
-289.3059997558594
-501.8039855957031
-299.9089050292969
-255.6898193359375
-498.62982177734375
-794.6339111328125
-437.44439697265625
-277.3098449707031
-363.26849365234375
-270.7793273925781
-734.7604370117188
-283.38739013671875
-259.77117919921875
-306.6636962890625
-268.93536376953125
-520.8602294921875
-312.1823425292969
-429.2303161621094
-233.56729125976562
-300.7867736816406
-557.2265014648438
-350.4510498046875
-181.25439453125
-275.60455322265625
-266.46893310546875
-278.53765869140625
-302.1353759765625
-368.32220458984375
-384.24578857421875
-342.99749755859375
-525.6700439453125
-605.5198974609375
-515.2069091796875
-231.2759246826172
-256.5404052734375
-328.50335693359375
-288.0236511230469
-247.26190185546875
-275.11309814453125
-274.9779052734375
-316.3788757324219
-241.8209991455078
-247.4676055908203
-260.03338623046875
-549.5284423828125
-299.1494140625
-232.44854736328125
-554.3316650390625
-493.2310791015625
-281.56109619140625
-287.629150390625
-551.57666015625
-486.3904724121094
-520.5015869140625
-268.4900817871094
-344.7244567871094
-362.44970703125
-450.07354736328125
-322.15643310546875
-338.84759521484375
-274.2938232421875
-441.2168884277344
-344.6929931640625
-255.282958984375
-407.6234130859375
-248.37013244628906
-441.6377258300781
-269.97930908203125
-472.4255676269531
-296.0380554199219
-260.542236328125
-407.2087707519531
-438.7930908203125
-403.4983825683594
-453.6531982421875
-408.8534240722656
-243.72007751464844
-596.4515380859375
-229.11795043945312
-494.09893798828125
-259.699951171875
-250.53933715820312
-209.9658660888672
-254.2799072265625
-286.0563659667969
-627.1028442382812
-292.6569519042969
-249.25296020507812
-242.29656982421875
-330.0173034667969
-267.8691711425781
-214.53125
-208.68255615234375
-310.93695068359375
-518.618896484375
-354.3984069824219
-483.0896301269531
-195.20021057128906
-439.6116943359375
-510.7098388671875
-333.3145751953125
-385.6702575683594
-400.960205078125
-265.7715759277344
-440.4052734375
-249.81988525390625
-372.3843994140625
-727.6764526367188
-318.8824462890625
-553.1658935546875
-233.45419311523438
-627.7644653320312
-370.67425537109375
-369.45611572265625
-345.85540771484375
-416.53387451171875
-459.98260498046875
-269.82330322265625
-343.8499450683594
-490.75543212890625
-220.18601989746094
-396.2593688964844
-331.1895751953125
-456.1820983886719
-267.30682373046875
-225.38658142089844
-355.5384826660156
-535.6671142578125
-296.552734375
-173.78443908691406
-229.18580627441406
-467.7110290527344
-489.76068115234375
-242.17739868164062
-200.53895568847656
-247.1171112060547
-192.37628173828125
-585.7164916992188
-395.275146484375
-305.685302734375
-320.22735595703125
-748.711669921875
-404.3221740722656
-230.75250244140625
-586.3507080078125
-283.0338439941406
-196.74465942382812
-362.11529541015625
-241.1589813232422
-578.76123046875
-331.3865966796875
-195.9137725830078
-394.4646911621094
-365.95758056640625
-305.1018981933594
-327.0235290527344
-330.92095947265625
-1191.5125732421875
-565.1209716796875
-277.5420227050781
-290.130859375
-283.2132263183594
-290.36712646484375
-459.32586669921875
-233.86773681640625
-320.99755859375
-283.55206298828125
-256.4993591308594
-315.5555114746094
-217.41558837890625
-263.32855224609375
-200.56593322753906
-414.3295593261719
-432.6628723144531
-287.69061279296875
-365.6452941894531
-681.978759765625
-269.2300109863281
-214.18026733398438
-460.6678466796875
-259.2518615722656
-1272.97021484375
-635.8954467773438
-273.5271301269531
-746.2574462890625
-387.10528564453125
-591.6767578125
-286.097900390625
-215.31410217285156
-326.2410583496094
-385.62750244140625
-196.28721618652344
-739.8359375
-426.8709716796875
-282.1417236328125
-341.5938720703125
-269.9111328125
-335.94677734375
-189.36056518554688
-534.8642578125
-350.6389465332031
-203.998046875
-297.8509521484375
-426.519287109375
-445.16632080078125
-151.794189453125
-279.1706848144531
-251.85337829589844
-247.0223388671875
-818.374267578125
-278.575927734375
-666.0611572265625
-151.7738037109375
-251.95944213867188
-284.67333984375
-225.0833282470703
-239.03909301757812
-162.96673583984375
-383.16961669921875
-294.9654541015625
-218.52783203125
-335.8045349121094
-421.03857421875
-496.4382629394531
-193.71218872070312
-319.27081298828125
-228.94700622558594
-281.8310241699219
-389.60845947265625
-891.456787109375
-302.44091796875
-358.3525695800781
-408.5904541015625
-545.1886596679688
-378.19195556640625
-227.489990234375
-235.81422424316406
-540.7380981445312
-476.0257873535156
-173.35755920410156
-286.08160400390625
-289.8154602050781
-440.939208984375
-811.7049560546875
-573.775146484375
-831.6102905273438
-643.8966064453125
-264.99456787109375
-296.8989562988281
-208.90528869628906
-160.6273193359375
-289.06011962890625
-341.8050231933594
-199.73753356933594
-758.263671875
-231.18646240234375
-445.9513854980469
-213.45523071289062
-1095.771484375
-327.5513916015625
-623.468017578125
-420.66522216796875
-276.3304443359375
-259.7177429199219
-259.031982421875
-326.0592956542969
-780.1392211914062
-352.7411804199219
-599.5131225585938
-308.4532470703125
-263.0496826171875
-503.48193359375
-553.0126953125
-589.7877197265625
-173.39996337890625
-396.28436279296875
-747.6954956054688
-257.55682373046875
-389.9990539550781
-444.0791931152344
-202.5830078125
-358.3915710449219
-155.1612091064453
-237.1750030517578
-401.6025390625
-411.3907775878906
-430.8570861816406
-368.8130798339844
-380.5726318359375
-271.8626708984375
-622.911865234375
-497.7607421875
-223.682373046875
-363.4884338378906
-442.6982421875
-330.88604736328125
-237.91305541992188
-218.86297607421875
-300.0264892578125
-292.918701171875
-498.80389404296875
-268.58056640625
-363.17816162109375
-436.77142333984375
-425.53070068359375
-173.54953002929688
-642.942626953125
-316.0223388671875
-398.1553955078125
-405.898681640625
-564.884765625
-238.4569091796875
-326.36785888671875
-291.02569580078125
-469.9548645019531
-371.597900390625
-575.553466796875
-814.0443115234375
-289.0265197753906
-441.50592041015625
-252.36447143554688
-389.3958740234375
-237.03651428222656
-311.22314453125
-428.93487548828125
-242.25958251953125
-316.347900390625
-246.94369506835938
-283.4297180175781
-235.40103149414062
-272.2423400878906
-964.7564697265625
-284.349365234375
-254.27928161621094
-655.5661010742188
-289.6897888183594
-673.0889892578125
-302.56561279296875
-582.8831176757812
-338.342041015625
-517.6318969726562
-399.166015625
-1006.974365234375
-222.12042236328125
-383.44451904296875
-230.06884765625
-170.89602661132812
-492.3523864746094
-267.7528076171875
-233.71908569335938
-396.7613220214844
-290.28564453125
-146.21673583984375
-765.460693359375
-431.3495178222656
-254.00173950195312
-269.3927307128906
-600.1572265625
-386.65557861328125
-604.43505859375
-351.7830810546875
-304.49945068359375
-447.2854919433594
-265.5606384277344
-277.69189453125
-286.6524353027344
-1113.0186767578125
-442.0161437988281
-446.3336181640625
-294.660888671875
-492.32257080078125
-215.1571044921875
-273.3098449707031
-280.2224426269531
-341.4730224609375
-549.3541259765625
-1437.417236328125
-361.3196716308594
-259.1221923828125
-442.15679931640625
-492.78662109375
-310.7513732910156
-264.0296630859375
-269.09820556640625
-256.544677734375
-384.28955078125
-566.0352783203125
-463.54107666015625
-288.13568115234375
-366.32135009765625
-383.5773620605469
-367.47113037109375
-414.05224609375
-278.8044128417969
-269.22174072265625
-213.5638427734375
-290.43243408203125
-566.274169921875
-490.081787109375
-446.03173828125
-456.7682189941406
-214.73651123046875
-260.7586669921875
-320.3706359863281
-211.61050415039062
-215.86468505859375
-410.7347412109375
-191.90548706054688
-756.6226806640625
-823.342529296875
-372.9432067871094
-323.1989440917969
-321.6916809082031
-454.98809814453125
-227.0335235595703
-327.8916320800781
-266.8078308105469
-144.3878173828125
-682.0764770507812
-210.32675170898438
-239.3676300048828
-240.35479736328125
-636.611572265625
-299.91632080078125
-375.6187438964844
-634.4765625
-416.5389099121094
-332.8109436035156
-241.30079650878906
-176.2390594482422
-315.4128723144531
-391.87396240234375
-410.52435302734375
-295.34539794921875
-481.9366149902344
-916.650146484375
-241.01861572265625
-728.7823486328125
-347.68804931640625
-256.62615966796875
-372.514404296875
-412.40533447265625
-240.40652465820312
-216.33116149902344
-314.41461181640625
-678.7930908203125
-290.90069580078125
-457.0508117675781
-246.47476196289062
-467.5688781738281
-368.4614562988281
-835.745361328125
-420.8758239746094
-202.6912078857422
-219.24949645996094
-438.65765380859375
-281.31640625
-282.834716796875
-339.8318176269531
-321.17584228515625
-256.1402587890625
-256.8250427246094
-299.0047302246094
-415.6172180175781
-548.6995239257812
-484.39666748046875
-339.84735107421875
-342.10577392578125
-270.59942626953125
-192.2366943359375
-389.623046875
-451.8083801269531
-260.78533935546875
-159.66812133789062
-179.7765350341797
-580.5546264648438
-291.8291931152344
-312.6311340332031
-283.8549499511719
-362.75494384765625
-836.0868530273438
-356.02618408203125
-301.4212646484375
-352.31097412109375
-253.23150634765625
-620.0223999023438
-673.7298583984375
-457.70135498046875
-256.59039306640625
-203.66329956054688
-160.41587829589844
-279.7323913574219
-306.3702697753906
-253.96688842773438
-343.9425354003906
-266.17059326171875
-215.0106964111328
-232.54261779785156
-314.45550537109375
-488.4312438964844
-527.43798828125
-562.0347900390625
-486.67633056640625
-289.79864501953125
-268.2090148925781
-379.73345947265625
-590.8868408203125
-220.4420166015625
-731.6314697265625
-222.61538696289062
-477.494384765625
-518.6595458984375
-239.83200073242188
-528.7899169921875
-224.6148681640625
-310.63555908203125
-370.728515625
-294.4541015625
-447.578125
-202.88458251953125
-281.9225158691406
-493.18670654296875
-573.0372314453125
-284.7770080566406
-466.08319091796875
-385.24053955078125
-226.73056030273438
-403.0081481933594
-378.50531005859375
-707.480712890625
-570.1124267578125
-280.27996826171875
-382.91033935546875
-430.25396728515625
-475.48846435546875
-522.74951171875
-327.4085998535156
-333.4415283203125
-627.1511840820312
-238.48233032226562
-599.4464111328125
-276.35955810546875
-195.8597412109375
-286.9854736328125
-271.9502868652344
-258.5511474609375
-482.5120849609375
-257.8023681640625
-270.24798583984375
-371.07684326171875
-405.97186279296875
-4618.57373046875
-1382.084228515625
-338.4073791503906
-489.6170959472656
-276.99713134765625
-337.9649353027344
-256.840576171875
-299.7693786621094
-339.216064453125
-275.43707275390625
-287.01123046875
-361.7607421875
-321.4433898925781
-468.69854736328125
-373.510498046875
-152.69326782226562
-361.8670654296875
-450.4744873046875
-265.3512268066406
-325.43035888671875
-240.48451232910156
-241.362060546875
-309.33544921875
-189.31471252441406
-339.68310546875
-266.8786315917969
-329.71539306640625
-345.7585754394531
-310.8511657714844
-383.6707763671875
-489.56951904296875
-229.23477172851562
-1285.264892578125
-651.4415893554688
-232.9058837890625
-783.6153564453125
-461.23492431640625
-294.3246765136719
-396.73291015625
-276.4931945800781
-374.05389404296875
-306.10662841796875
-305.1696472167969
-256.30218505859375
-1927.135986328125
-352.6915283203125
-219.65103149414062
-556.239990234375
-266.9751892089844
-940.8431396484375
-242.33670043945312
-315.7970275878906
-207.53492736816406
-270.1233825683594
-525.1943359375
-411.5450134277344
-280.960693359375
-252.7128143310547
-249.48123168945312
-498.97467041015625
-579.136962890625
-459.6226806640625
-307.118408203125
-333.16827392578125
-542.8477783203125
-362.8370361328125
-470.60406494140625
-294.79736328125
-506.0677490234375
-422.461669921875
-602.36962890625
-355.4855651855469
-346.6738586425781
-407.3187255859375
-355.1285400390625
-208.55380249023438
-259.4687805175781
-356.82464599609375
-354.3177490234375
-360.33599853515625
-261.84857177734375
-1656.1298828125
-317.01788330078125
-522.0106201171875
-442.0211181640625
-1300.6728515625
-150.9732208251953
-436.1170959472656
-267.86737060546875
-302.96380615234375
-376.7763366699219
-388.1368103027344
-679.5858154296875
-546.3031616210938
-380.4051513671875
-250.90957641601562
-263.21051025390625
-290.20062255859375
-259.87640380859375
-195.19151306152344
-322.1766052246094
-220.9180908203125
-395.58056640625
-229.28395080566406
-221.33987426757812
-378.3863525390625
-576.2329711914062
-266.92828369140625
-231.23477172851562
-276.4174499511719
-247.66583251953125
-476.1496276855469
-255.58255004882812
-273.37261962890625
-1382.9794921875
-397.5712890625
-344.17431640625
-187.27301025390625
-789.0646362304688
-378.669921875
-581.550537109375
-963.541259765625
-160.45254516601562
-250.19000244140625
-585.5540771484375
-247.9251708984375
-298.21685791015625
-299.1692199707031
-597.3692016601562
-469.0809631347656
-210.5388641357422
-589.183349609375
-432.8119201660156
-462.2379150390625
-232.31033325195312
-375.2401428222656
-298.29583740234375
-295.05487060546875
-321.251220703125
-310.47918701171875
-173.02801513671875
-1768.9268798828125
-435.30908203125
-295.8902893066406
-492.59832763671875
-577.864013671875
-265.7484436035156
-727.7137451171875
-129.77696228027344
-247.1070556640625
-275.5378112792969
-257.1817321777344
-342.780517578125
-355.94403076171875
-292.24578857421875
-216.58567810058594
-235.54962158203125
-241.2784881591797
-282.0025634765625
-233.37677001953125
-285.985595703125
-184.03485107421875
-273.98822021484375
-296.47967529296875
-247.43844604492188
-289.8089294433594
-337.34173583984375
-410.44476318359375
-254.24093627929688
-237.0640106201172
-269.0465087890625
-1095.14404296875
-348.92303466796875
-291.7033386230469
-279.8545837402344
-462.00311279296875
-280.92523193359375
-378.0506286621094
-502.05206298828125
-451.43817138671875
-354.16796875
-255.19781494140625
-436.57794189453125
-640.9637451171875
-338.61639404296875
-232.898193359375
-333.4615173339844
-231.2496337890625
-242.80686950683594
-1723.5499267578125
-312.69354248046875
-272.0140075683594
-201.3743896484375
-207.8763427734375
-313.57000732421875
-336.46551513671875
-220.46676635742188
-354.7103271484375
-384.42095947265625
-475.7240295410156
-505.5594482421875
-238.5193634033203
-219.776611328125
-373.3881530761719
-259.5174865722656
-443.101318359375
-532.1434326171875
-395.8546142578125
-356.10638427734375
-150.54641723632812
-145.50823974609375
-550.746826171875
-186.3164825439453
-242.18675231933594
-598.2662353515625
-170.70684814453125
-320.0168151855469
-697.7528686523438
-446.53662109375
-654.4019775390625
-334.02825927734375
-710.5996704101562
-481.37646484375
-279.226318359375
-331.9465026855469
-322.29364013671875
-221.1241912841797
-241.45864868164062
-389.1883544921875
-311.2042236328125
-539.8589477539062
-231.55149841308594
-293.39630126953125
-198.85946655273438
-164.5144500732422
-513.70654296875
-247.9352264404297
-399.4547424316406
-404.03997802734375
-404.52362060546875
-246.31756591796875
-469.420166015625
-544.2626342773438
-277.41259765625
-391.44384765625
-541.9830322265625
-698.4890747070312
-295.748779296875
-285.29400634765625
-305.89898681640625
-311.4355163574219
-613.4674072265625
-576.4332885742188
-333.9704895019531
-282.3412170410156
-872.0655517578125
-511.3746643066406
-346.06683349609375
-426.92315673828125
-211.5463104248047
-2265.3447265625
-296.7497253417969
-310.08319091796875
-393.37103271484375
-210.9531707763672
-446.9889831542969
-209.3878173828125
-1229.224609375
-360.5955505371094
-323.78839111328125
-265.03228759765625
-251.24148559570312
-260.854736328125
-545.9906005859375
-448.8793029785156
-253.73443603515625
-413.3404235839844
-214.75177001953125
-142.17491149902344
-271.6702880859375
-259.40545654296875
-240.54730224609375
-239.9410858154297
-285.38568115234375
-286.3447265625
-347.57366943359375
-227.81845092773438
-596.9058837890625
-474.8526611328125
-449.91961669921875
-400.554443359375
-311.0439453125
-158.06712341308594
-258.1038818359375
-270.8773193359375
-538.8450317382812
-307.96722412109375
-246.4400177001953
-502.9691467285156
-271.2408447265625
-282.971923828125
-514.7394409179688
-450.5098876953125
-423.0970764160156
-333.9153747558594
-227.75196838378906
-220.29495239257812
-298.5846862792969
-196.18191528320312
-360.34393310546875
-397.4424133300781
-396.95770263671875
-300.259521484375
-283.71441650390625
-268.40179443359375
-248.08668518066406
-339.9017639160156
-268.7143859863281
-183.6166534423828
-317.19610595703125
-727.5471801757812
-361.3465270996094
-480.7578430175781
-306.0590515136719
-233.43240356445312
-442.17816162109375
-217.30760192871094
-362.928466796875
-261.37347412109375
-308.4784851074219
-200.53195190429688
-257.07073974609375
-366.9578857421875
-974.1248168945312
-426.14984130859375
-325.82171630859375
-257.54754638671875
-287.711669921875
-422.4143981933594
-402.3948059082031
-389.1878967285156
-289.00714111328125
-380.7638244628906
-302.02294921875
-1175.4931640625
-462.3156433105469
-372.0417785644531
-552.605712890625
-278.45648193359375
-240.3644561767578
-899.890380859375
-326.01605224609375
-944.762939453125
-382.6650390625
-216.93833923339844
-160.7513427734375
-267.10125732421875
-595.0418090820312
-216.10321044921875
-269.07025146484375
-259.73199462890625
-396.95465087890625
-250.8055419921875
-731.8558349609375
-584.075927734375
-356.6157531738281
-270.3628845214844
-825.7630004882812
-305.31072998046875
-251.49734497070312
-199.66636657714844
-625.068359375
-508.595703125
-302.4949951171875
-207.755859375
-270.972412109375
-236.04244995117188
-619.1174926757812
-1657.597900390625
-206.75563049316406
-875.4625244140625
-282.53375244140625
-366.93804931640625
-264.21710205078125
-887.1455078125
-232.13894653320312
-382.59222412109375
-243.84825134277344
-159.842529296875
-227.14157104492188
-248.15846252441406
-1024.064453125
-519.366943359375
-409.64581298828125
-170.79331970214844
-349.0893249511719
-412.03338623046875
-526.9869995117188
-958.551513671875
-383.94921875
-344.8232116699219
-197.56271362304688
-499.3143615722656
-135.75521850585938
-426.2846984863281
-388.5053405761719
-311.4176025390625
-451.2669677734375
-227.73751831054688
-460.49114990234375
-302.6851501464844
-342.60760498046875
-171.7933349609375
-299.11041259765625
-455.18377685546875
-539.932373046875
-382.5277099609375
-371.34820556640625
-461.1629638671875
-1013.0587768554688
-847.65087890625
-647.6695556640625
-228.79466247558594
-596.1294555664062
-243.18902587890625
-234.54769897460938
-302.38165283203125
-168.1052703857422
-306.01373291015625
-514.02490234375
-204.6387481689453
-565.6524047851562
-484.714599609375
-328.77471923828125
-514.3875122070312
-254.45106506347656
-524.3845825195312
-275.63885498046875
-330.9488220214844
-636.848388671875
-712.3389892578125
-390.6361389160156
-372.66363525390625
-791.9481201171875
-312.59942626953125
-353.3776550292969
-345.46710205078125
-703.4125366210938
-386.85455322265625
-392.6043395996094
-385.3346862792969
-389.7647705078125
-625.7559814453125
-195.94161987304688
-510.644287109375
-760.8863525390625
-441.5790100097656
-257.4032287597656
-1179.6646728515625
-350.21160888671875
-450.15875244140625
-473.63330078125
-291.0152587890625
-418.8231506347656
-398.46160888671875
-218.10317993164062
-537.9439697265625
-450.74542236328125
-279.9464416503906
-328.49432373046875
-537.7139892578125
-176.45663452148438
-302.6843566894531
-177.57589721679688
-606.744140625
-329.6773681640625
-340.70416259765625
-155.45106506347656
-407.7018127441406
-315.53125
-497.22259521484375
-604.636474609375
-642.64208984375
-212.60853576660156
-458.9755859375
-171.27877807617188
-237.4993133544922
-438.14959716796875
-349.4861755371094
-307.22076416015625
-582.9293823242188
-424.8084716796875
-529.80322265625
-220.75466918945312
-529.7384643554688
-274.20379638671875
-313.15765380859375
-306.3421936035156
-529.3068237304688
-255.54342651367188
-297.199462890625
-230.95294189453125
-290.9670104980469
-370.3992614746094
-358.13970947265625
-504.74822998046875
-262.55712890625
-620.314697265625
-225.4578094482422
-307.5140075683594
-230.89068603515625
-280.5240478515625
-419.11248779296875
-245.92877197265625
-383.41461181640625
-226.15362548828125
-518.5347900390625
-280.20452880859375
-351.849365234375
-370.0540466308594
-419.3255615234375
-208.4241485595703
-252.47012329101562
-192.38125610351562
-289.1171569824219
-628.8211669921875
-1049.97314453125
-370.3056945800781
-277.62457275390625
-879.1436767578125
-277.1958312988281
-257.2222900390625
-272.714599609375
-282.61187744140625
-218.174072265625
-307.49517822265625
-426.37774658203125
-286.18505859375
-265.4687194824219
-331.92572021484375
-413.1306457519531
-307.8692321777344
-612.9498291015625
-562.45556640625
-827.56494140625
-350.843505859375
-188.74354553222656
-763.4017333984375
-393.74224853515625
-247.47479248046875
-292.27813720703125
-315.1437072753906
-344.61187744140625
-149.955078125
-205.6166534423828
-504.7215270996094
-247.82814025878906
-245.09178161621094
-203.1315155029297
-289.1824035644531
-1600.320556640625
-785.813232421875
-304.6937561035156
-689.3856201171875
-423.828369140625
-197.06173706054688
-706.8583984375
-589.1871337890625
-327.68145751953125
-365.22320556640625
-311.34771728515625
-550.194580078125
-325.379150390625
-562.52294921875
-568.9381713867188
-395.3810729980469
-302.9490966796875
-281.1485595703125
-235.29425048828125
-271.79937744140625
-559.5150146484375
-407.7996520996094
-577.5354614257812
-435.0643310546875
-414.1172790527344
-377.7804870605469
-355.0608825683594
-449.0914611816406
-248.84381103515625
-246.61285400390625
-255.78646850585938
-421.2398376464844
-378.8902587890625
-628.7015991210938
-312.1908874511719
-485.1838684082031
-242.926513671875
-317.7232666015625
-497.509033203125
-283.3805847167969
-317.3605041503906
-219.97122192382812
-303.0653381347656
-336.759521484375
-341.4114990234375
-165.31124877929688
-277.06756591796875
-361.44427490234375
-238.51425170898438
-684.4923095703125
-268.4952697753906
-241.7074432373047
-286.171142578125
-845.4977416992188
-247.3296356201172
-246.6527099609375
-133.74827575683594
-370.4974670410156
-410.60089111328125
-483.57891845703125
-299.6341857910156
-190.0480499267578
-336.30694580078125
-240.3569793701172
-455.0738525390625
-235.29592895507812
-148.8027801513672
-544.910888671875
-495.1628723144531
-214.36770629882812
-285.23114013671875
-357.7606506347656
-255.238037109375
-302.349609375
-272.5650939941406
-306.0384521484375
-470.7184143066406
-267.4707946777344
-663.2298583984375
-415.42852783203125
-713.9790649414062
-491.2415771484375
-261.02716064453125
-314.1636962890625
-136.99185180664062
-254.43141174316406
-221.80404663085938
-237.10824584960938
-292.6455078125
-418.335693359375
-527.618896484375
-679.4860229492188
-671.6638793945312
-300.655517578125
-267.2730407714844
-544.312255859375
-251.7764434814453
-216.8870391845703
-386.8503723144531
-575.7125854492188
-708.694580078125
-338.81317138671875
-908.6050415039062
-335.2828063964844
-274.9587097167969
-366.60357666015625
-305.453857421875
-512.9154052734375
-250.5489501953125
-214.32814025878906
-275.8563232421875
-257.7412414550781
-217.4676971435547
-269.12738037109375
-154.2506103515625
-335.71051025390625
-341.75579833984375
-287.0096130371094
-932.8931274414062
-254.56512451171875
-220.2852325439453
-189.33023071289062
-411.0599365234375
-327.0794677734375
-389.31781005859375
-335.2132873535156
-305.23974609375
-320.63525390625
-377.0602111816406
-270.5990905761719
-248.90814208984375
-322.87030029296875
-257.2088623046875
-323.10986328125
-679.4754638671875
-336.8446044921875
-304.1872863769531
-470.6996765136719
-392.4036865234375
-291.55169677734375
-371.138427734375
-295.5551452636719
-376.7454528808594
-217.50694274902344
-351.17120361328125
-768.5733642578125
-229.7562255859375
-192.3804931640625
-499.1373596191406
-227.41851806640625
-693.0228881835938
-233.56167602539062
-487.9279479980469
-1377.4569091796875
-871.916748046875
-377.9024353027344
-139.43991088867188
-273.6888427734375
-1218.7236328125
-329.1649169921875
-348.1120910644531
-389.58184814453125
-309.17095947265625
-331.640380859375
-215.62037658691406
-469.35223388671875
-224.63638305664062
-440.9471435546875
-387.5306701660156
-250.70513916015625
-1278.130615234375
-291.02264404296875
-378.2515869140625
-316.6793518066406
-676.519775390625
-240.00088500976562
-259.9859924316406
-425.52349853515625
-648.8126220703125
-448.2946472167969
-684.1800537109375
-517.7867431640625
-291.58514404296875
-233.16107177734375
-377.04449462890625
-336.9635314941406
-289.02923583984375
-379.7317810058594
-653.6317749023438
-333.9739074707031
-376.86114501953125
-259.0653076171875
-193.0696563720703
-230.6462860107422
-300.74237060546875
-535.0089111328125
-423.4247741699219
-234.02317810058594
-835.7985229492188
-279.30596923828125
-228.7703399658203
-666.7147216796875
-553.392822265625
-404.21588134765625
-661.860107421875
-344.3001708984375
-424.62945556640625
-822.941650390625
-399.56353759765625
-306.3126220703125
-280.5791931152344
-819.920654296875
-215.84841918945312
-229.91091918945312
-445.68621826171875
-251.0374755859375
-416.7020263671875
-241.99951171875
-191.53358459472656
-276.733642578125
-272.107177734375
-225.29039001464844
-505.8359375
-359.8155822753906
-203.734130859375
-264.974609375
-252.59071350097656
-291.0097961425781
-322.619873046875
-240.9255828857422
-648.4837036132812
-389.01361083984375
-400.4081115722656
-287.9752197265625
-421.2793273925781
-374.130859375
-330.9833984375
-515.3780517578125
-370.6337890625
-1311.4193115234375
-692.2032470703125
-165.2008514404297
-199.87899780273438
-344.9345703125
-348.15032958984375
-313.5120849609375
-414.1810302734375
-743.321044921875
-284.99786376953125
-195.52481079101562
-310.8385314941406
-259.773681640625
-230.88902282714844
-221.39602661132812
-270.233154296875
-296.93701171875
-383.2466735839844
-247.03497314453125
-314.7217102050781
-444.2061462402344
-514.364013671875
-239.24716186523438
-232.21337890625
-269.3167724609375
-320.13482666015625
-311.8576354980469
-241.04132080078125
-269.943115234375
-615.6406860351562
-593.265625
-402.96923828125
-221.11343383789062
-518.600830078125
-528.9521484375
-332.624267578125
-852.524658203125
-438.9320068359375
-268.94140625
-561.58984375
-304.0407409667969
-248.70797729492188
-443.27386474609375
-357.1300048828125
-520.447509765625
-277.6445617675781
-288.1326904296875
-155.6490020751953
-480.103759765625
-282.6576843261719
-1055.44580078125
-325.2056884765625
-364.4505920410156
-221.07081604003906
-252.59475708007812
-301.19189453125
-298.54742431640625
-227.0384979248047
-244.82054138183594
-440.8082275390625
